19468,1,8,0,0,0,0,0
25687,1,8,0,0,0,0,0
26449,1,8,0,0,0,0,0
6163,1,8,0,0,0,0,0
29483,1,8,0,0,0,0,0
21143,1,8,0,0,0,0,0
2266,1,8,0,0,0,0,0
5276,1,8,0,0,0,0,0
30106,1,8,0,0,0,0,0
13055,1,8,0,0,0,0,0
8128,1,8,0,0,0,0,0
8689,1,8,0,0,0,0,0
12856,1,8,0,0,0,0,0
20151,1,8,0,0,0,0,0
521,1,8,0,0,0,0,0
8808,1,8,0,0,0,0,0
5950,1,8,0,0,0,0,0
5435,1,8,0,0,0,0,0
1561,1,8,0,0,0,0,0
28792,1,8,0,0,0,0,0
2768,1,8,0,0,0,0,0
21410,1,8,0,0,0,0,0
7552,1,8,0,0,0,0,0
27846,1,8,0,0,0,0,0
10395,1,8,0,0,0,0,0
29319,1,8,0,0,0,0,0
25489,1,8,0,0,0,0,0
4625,1,8,0,0,0,0,0
21320,1,8,0,0,0,0,0
18568,1,8,0,0,0,0,0
24180,1,8,0,0,0,0,0
11836,1,8,0,0,0,0,0
3487,1,8,0,0,0,0,0
21441,1,8,0,0,0,0,0
9748,1,8,0,0,0,0,0
10309,1,8,0,0,0,0,0
17089,1,8,0,0,0,0,0
14277,1,8,0,0,0,0,0
14038,1,8,0,0,0,0,0
2417,1,8,0,0,0,0,0
11014,1,8,0,0,0,0,0
17761,1,8,0,0,0,0,0
2781,1,8,0,0,0,0,0
27872,1,8,0,0,0,0,0
364,1,8,0,0,0,0,0
12400,1,8,0,0,0,0,0
7070,1,8,0,0,0,0,0
14246,1,8,0,0,0,0,0
22899,1,8,0,0,0,0,0
11206,1,8,0,0,0,0,0
7933,1,8,0,0,0,0,0
21625,1,8,0,0,0,0,0
19875,1,8,0,0,0,0,0
9202,1,8,0,0,0,0,0
28142,1,8,0,0,0,0,0
21347,1,8,0,0,0,0,0
21224,1,8,0,0,0,0,0
14604,1,8,0,0,0,0,0
20523,1,8,0,0,0,0,0
82,1,8,0,0,0,0,0
30267,1,8,0,0,0,0,0
16135,1,8,0,0,0,0,0
3744,1,8,0,0,0,0,0
23740,1,8,0,0,0,0,0
21024,1,8,0,0,0,0,0
2234,1,8,0,0,0,0,0
17669,1,8,0,0,0,0,0
11430,1,8,0,0,0,0,0
22586,1,8,0,0,0,0,0
11298,1,8,0,0,0,0,0
11482,1,8,0,0,0,0,0
19978,1,8,0,0,0,0,0
10660,1,8,0,0,0,0,0
11660,1,8,0,0,0,0,0
5792,1,8,0,0,0,0,0
12393,1,8,0,0,0,0,0
4466,1,8,0,0,0,0,0
31836,1,8,0,0,0,0,0
24334,1,8,0,0,0,0,0
7647,1,8,0,0,0,0,0
3820,1,8,0,0,0,0,0
1845,1,8,0,0,0,0,0
9167,1,8,0,0,0,0,0
14619,1,8,0,0,0,0,0
30153,1,8,0,0,0,0,0
8969,1,8,0,0,0,0,0
19314,1,8,0,0,0,0,0
11353,1,8,0,0,0,0,0
22538,1,8,0,0,0,0,0
20536,1,8,0,0,0,0,0
16891,1,8,0,0,0,0,0
27963,1,8,0,0,0,0,0
14672,1,8,0,0,0,0,0
16880,1,8,0,0,0,0,0
23678,1,8,0,0,0,0,0
6479,1,8,0,0,0,0,0
32599,1,8,0,0,0,0,0
12132,1,8,0,0,0,0,0
9668,1,8,0,0,0,0,0
1181,1,8,0,0,0,0,0
32720,1,8,0,0,0,0,0
24886,1,8,0,0,0,0,0
21413,1,8,0,0,0,0,0
17413,1,8,0,0,0,0,0
6097,1,8,0,0,0,0,0
15695,1,8,0,0,0,0,0
18311,1,8,0,0,0,0,0
15118,1,8,0,0,0,0,0
11881,1,8,0,0,0,0,0
19403,1,8,0,0,0,0,0
3152,1,8,0,0,0,0,0
17470,1,8,0,0,0,0,0
16049,1,8,0,0,0,0,0
12580,1,8,0,0,0,0,0
21821,1,8,0,0,0,0,0
25903,1,8,0,0,0,0,0
2391,1,8,0,0,0,0,0
20987,1,8,0,0,0,0,0
25485,1,8,0,0,0,0,0
21778,1,8,0,0,0,0,0
21331,1,8,0,0,0,0,0
8511,1,8,0,0,0,0,0
8680,1,8,0,0,0,0,0
18482,1,8,0,0,0,0,0
21297,1,8,0,0,0,0,0
1866,1,8,0,0,0,0,0
28393,1,8,0,0,0,0,0
14782,1,8,0,0,0,0,0
15159,1,8,0,0,0,0,0
12714,1,8,0,0,0,0,0
30080,1,8,0,0,0,0,0
4050,1,8,0,0,0,0,0
7808,1,8,0,0,0,0,0
25849,1,8,0,0,0,0,0
28069,1,8,0,0,0,0,0
23578,1,8,0,0,0,0,0
14577,1,8,0,0,0,0,0
10688,1,8,0,0,0,0,0
480,1,8,0,0,0,0,0
20075,1,8,0,0,0,0,0
29773,1,8,0,0,0,0,0
27957,1,8,0,0,0,0,0
23820,1,8,0,0,0,0,0
23474,1,8,0,0,0,0,0
2637,1,8,0,0,0,0,0
26156,1,8,0,0,0,0,0
7850,1,8,0,0,0,0,0
18472,1,8,0,0,0,0,0
22734,1,8,0,0,0,0,0
32087,1,8,0,0,0,0,0
13744,1,8,0,0,0,0,0
611,1,8,0,0,0,0,0
13700,1,8,0,0,0,0,0
24128,1,8,0,0,0,0,0
16549,1,8,0,0,0,0,0
31339,1,8,0,0,0,0,0
11019,1,8,0,0,0,0,0
16120,1,8,0,0,0,0,0
31627,1,8,0,0,0,0,0
14422,1,8,0,0,0,0,0
13543,1,8,0,0,0,0,0
28240,1,8,0,0,0,0,0
9219,1,8,0,0,0,0,0
17633,1,8,0,0,0,0,0
19611,1,8,0,0,0,0,0
1462,1,8,0,0,0,0,0
19346,1,8,0,0,0,0,0
5419,1,8,0,0,0,0,0
15689,1,8,0,0,0,0,0
23473,1,8,0,0,0,0,0
32717,1,8,0,0,0,0,0
28186,1,8,0,0,0,0,0
8648,1,8,0,0,0,0,0
28951,1,8,0,0,0,0,0
22529,1,8,0,0,0,0,0
11047,1,8,0,0,0,0,0
28214,1,8,0,0,0,0,0
3202,1,8,0,0,0,0,0
3256,1,8,0,0,0,0,0
8134,1,8,0,0,0,0,0
4365,1,8,0,0,0,0,0
16061,1,8,0,0,0,0,0
23549,1,8,0,0,0,0,0
4705,1,8,0,0,0,0,0
14707,1,8,0,0,0,0,0
14915,1,8,0,0,0,0,0
31647,1,8,0,0,0,0,0
27374,1,8,0,0,0,0,0
28198,1,8,0,0,0,0,0
8460,1,8,0,0,0,0,0
2367,1,8,0,0,0,0,0
20593,1,8,0,0,0,0,0
24077,1,8,0,0,0,0,0
17306,1,8,0,0,0,0,0
946,1,8,0,0,0,0,0
32436,1,8,0,0,0,0,0
11517,1,8,0,0,0,0,0
19238,1,8,0,0,0,0,0
2309,1,8,0,0,0,0,0
26834,1,8,0,0,0,0,0
26843,1,8,0,0,0,0,0
13509,1,8,0,0,0,0,0
27581,1,8,0,0,0,0,0
20938,1,8,0,0,0,0,0
12493,1,8,0,0,0,0,0
13578,1,8,0,0,0,0,0
14584,1,8,0,0,0,0,0
19892,1,8,0,0,0,0,0
32727,1,8,0,0,0,0,0
13682,1,8,0,0,0,0,0
17333,1,8,0,0,0,0,0
23966,1,8,0,0,0,0,0
27940,1,8,0,0,0,0,0
15272,1,8,0,0,0,0,0
704,1,8,0,0,0,0,0
8944,1,8,0,0,0,0,0
23752,1,8,0,0,0,0,0
9608,1,8,0,0,0,0,0
9962,1,8,0,0,0,0,0
4428,1,8,0,0,0,0,0
18485,1,8,0,0,0,0,0
13972,1,8,0,0,0,0,0
2906,1,8,0,0,0,0,0
22148,1,8,0,0,0,0,0
6216,1,8,0,0,0,0,0
5467,1,8,0,0,0,0,0
18432,1,8,0,0,0,0,0
31636,1,8,0,0,0,0,0
23657,1,8,0,0,0,0,0
24212,1,8,0,0,0,0,0
14654,1,8,0,0,0,0,0
15573,1,8,0,0,0,0,0
28322,1,8,0,0,0,0,0
12465,1,8,0,0,0,0,0
20586,1,8,0,0,0,0,0
4168,1,8,0,0,0,0,0
26912,1,8,0,0,0,0,0
17477,1,8,0,0,0,0,0
3039,1,8,0,0,0,0,0
22653,1,8,0,0,0,0,0
9360,1,8,0,0,0,0,0
24963,1,8,0,0,0,0,0
14583,1,8,0,0,0,0,0
340,1,8,0,0,0,0,0
27256,1,8,0,0,0,0,0
2577,1,8,0,0,0,0,0
29784,1,8,0,0,0,0,0
22434,1,8,0,0,0,0,0
10914,1,8,0,0,0,0,0
23490,1,8,0,0,0,0,0
17277,1,8,0,0,0,0,0
2259,1,8,0,0,0,0,0
10349,1,8,0,0,0,0,0
2991,1,8,0,0,0,0,0
29436,1,8,0,0,0,0,0
13885,1,8,0,0,0,0,0
30426,1,8,0,0,0,0,0
5595,1,8,0,0,0,0,0
22500,1,8,0,0,0,0,0
6581,1,8,0,0,0,0,0
21276,1,8,0,0,0,0,0
13722,1,8,0,0,0,0,0
11257,1,8,0,0,0,0,0
10334,1,8,0,0,0,0,0
16975,1,8,0,0,0,0,0
1510,1,8,0,0,0,0,0
17040,1,8,0,0,0,0,0
7718,1,8,0,0,0,0,0
27855,1,8,0,0,0,0,0
17084,1,8,0,0,0,0,0
7023,1,8,0,0,0,0,0
31031,1,8,0,0,0,0,0
14047,1,8,0,0,0,0,0
5902,1,8,0,0,0,0,0
28051,1,8,0,0,0,0,0
6422,1,8,0,0,0,0,0
19643,1,8,0,0,0,0,0
19627,1,8,0,0,0,0,0
25577,1,8,0,0,0,0,0
28774,1,8,0,0,0,0,0
30048,1,8,0,0,0,0,0
9752,1,8,0,0,0,0,0
4760,1,8,0,0,0,0,0
13096,1,8,0,0,0,0,0
30983,1,8,0,0,0,0,0
26370,1,8,0,0,0,0,0
2218,1,8,0,0,0,0,0
22071,1,8,0,0,0,0,0
12785,1,8,0,0,0,0,0
12275,1,8,0,0,0,0,0
16,1,8,0,0,0,0,0
4886,1,8,0,0,0,0,0
18915,1,8,0,0,0,0,0
17709,1,8,0,0,0,0,0
25804,1,8,0,0,0,0,0
3884,1,8,0,0,0,0,0
3860,1,8,0,0,0,0,0
25585,1,8,0,0,0,0,0
16405,1,8,0,0,0,0,0
3391,1,8,0,0,0,0,0
24676,1,8,0,0,0,0,0
16443,1,8,0,0,0,0,0
18615,1,8,0,0,0,0,0
21825,1,8,0,0,0,0,0
25265,1,8,0,0,0,0,0
3135,1,8,0,0,0,0,0
28180,1,8,0,0,0,0,0
2893,1,8,0,0,0,0,0
18396,1,8,0,0,0,0,0
19493,1,8,0,0,0,0,0
14834,1,8,0,0,0,0,0
5778,1,8,0,0,0,0,0
4268,1,8,0,0,0,0,0
11277,1,8,0,0,0,0,0
31340,1,8,0,0,0,0,0
10785,1,8,0,0,0,0,0
15992,1,8,0,0,0,0,0
7046,1,8,0,0,0,0,0
283,1,8,0,0,0,0,0
12162,1,8,0,0,0,0,0
12140,1,8,0,0,0,0,0
18004,1,8,0,0,0,0,0
28946,1,8,0,0,0,0,0
23568,1,8,0,0,0,0,0
10377,1,8,0,0,0,0,0
31659,1,8,0,0,0,0,0
22978,1,8,0,0,0,0,0
7662,1,8,0,0,0,0,0
17072,1,8,0,0,0,0,0
29975,1,8,0,0,0,0,0
26168,1,8,0,0,0,0,0
7392,1,8,0,0,0,0,0
24954,1,8,0,0,0,0,0
2857,1,8,0,0,0,0,0
7331,1,8,0,0,0,0,0
16397,1,8,0,0,0,0,0
29517,1,8,0,0,0,0,0
26714,1,8,0,0,0,0,0
8266,1,8,0,0,0,0,0
4341,1,8,0,0,0,0,0
24071,1,8,0,0,0,0,0
8472,1,8,0,0,0,0,0
6964,1,8,0,0,0,0,0
8887,1,8,0,0,0,0,0
26833,1,8,0,0,0,0,0
1306,1,8,0,0,0,0,0
9392,1,8,0,0,0,0,0
7108,1,8,0,0,0,0,0
10651,1,8,0,0,0,0,0
8804,1,8,0,0,0,0,0
17226,1,8,0,0,0,0,0
17323,1,8,0,0,0,0,0
30233,1,8,0,0,0,0,0
18324,1,8,0,0,0,0,0
4130,1,8,0,0,0,0,0
29001,1,8,0,0,0,0,0
28580,1,8,0,0,0,0,0
10902,1,8,0,0,0,0,0
24585,1,8,0,0,0,0,0
20377,1,8,0,0,0,0,0
28489,1,8,0,0,0,0,0
3990,1,8,0,0,0,0,0
18320,1,8,0,0,0,0,0
16680,1,8,0,0,0,0,0
14638,1,8,0,0,0,0,0
20021,1,8,0,0,0,0,0
20352,1,8,0,0,0,0,0
8781,1,8,0,0,0,0,0
20355,1,8,0,0,0,0,0
13556,1,8,0,0,0,0,0
16793,1,8,0,0,0,0,0
32135,1,8,0,0,0,0,0
14436,1,8,0,0,0,0,0
4254,1,8,0,0,0,0,0
10372,1,8,0,0,0,0,0
24431,1,8,0,0,0,0,0
24835,1,8,0,0,0,0,0
15219,1,8,0,0,0,0,0
31220,1,8,0,0,0,0,0
31239,1,8,0,0,0,0,0
27242,1,8,0,0,0,0,0
156,1,8,0,0,0,0,0
1152,1,8,0,0,0,0,0
7337,1,8,0,0,0,0,0
9012,1,8,0,0,0,0,0
7427,1,8,0,0,0,0,0
23099,1,8,0,0,0,0,0
32329,1,8,0,0,0,0,0
5323,1,8,0,0,0,0,0
509,1,8,0,0,0,0,0
3234,1,8,0,0,0,0,0
14408,1,8,0,0,0,0,0
16132,1,8,0,0,0,0,0
24807,1,8,0,0,0,0,0
29311,1,8,0,0,0,0,0
29660,1,8,0,0,0,0,0
14939,1,8,0,0,0,0,0
15700,1,8,0,0,0,0,0
24938,1,8,0,0,0,0,0
9090,1,8,0,0,0,0,0
15500,1,8,0,0,0,0,0
27961,1,8,0,0,0,0,0
12992,1,8,0,0,0,0,0
6623,1,8,0,0,0,0,0
3601,1,8,0,0,0,0,0
29695,1,8,0,0,0,0,0
29936,1,8,0,0,0,0,0
3343,1,8,0,0,0,0,0
26787,1,8,0,0,0,0,0
17553,1,8,0,0,0,0,0
30539,1,8,0,0,0,0,0
25195,1,8,0,0,0,0,0
3355,1,8,0,0,0,0,0
12289,1,8,0,0,0,0,0
4659,1,8,0,0,0,0,0
27461,1,8,0,0,0,0,0
26539,1,8,0,0,0,0,0
1196,1,8,0,0,0,0,0
13733,1,8,0,0,0,0,0
19465,1,8,0,0,0,0,0
12514,1,8,0,0,0,0,0
9064,1,8,0,0,0,0,0
10862,1,8,0,0,0,0,0
1600,1,8,0,0,0,0,0
7493,1,8,0,0,0,0,0
7616,1,8,0,0,0,0,0
20694,1,8,0,0,0,0,0
6463,1,8,0,0,0,0,0
14130,1,8,0,0,0,0,0
4266,1,8,0,0,0,0,0
28089,1,8,0,0,0,0,0
12701,1,8,0,0,0,0,0
31824,1,8,0,0,0,0,0
8863,1,8,0,0,0,0,0
21715,1,8,0,0,0,0,0
24971,1,8,0,0,0,0,0
2201,1,8,0,0,0,0,0
13910,1,8,0,0,0,0,0
32456,1,8,0,0,0,0,0
13896,1,8,0,0,0,0,0
14637,1,8,0,0,0,0,0
8006,1,8,0,0,0,0,0
962,1,8,0,0,0,0,0
19135,1,8,0,0,0,0,0
5432,1,8,0,0,0,0,0
18666,1,8,0,0,0,0,0
23884,1,8,0,0,0,0,0
7859,1,8,0,0,0,0,0
10516,1,8,0,0,0,0,0
19700,1,8,0,0,0,0,0
22154,1,8,0,0,0,0,0
20514,1,8,0,0,0,0,0
16607,1,8,0,0,0,0,0
31067,1,8,0,0,0,0,0
31338,1,8,0,0,0,0,0
4372,1,8,0,0,0,0,0
10639,1,8,0,0,0,0,0
19117,1,8,0,0,0,0,0
11693,1,8,0,0,0,0,0
20810,1,8,0,0,0,0,0
30601,1,8,0,0,0,0,0
21131,1,8,0,0,0,0,0
29980,1,8,0,0,0,0,0
11429,1,8,0,0,0,0,0
8642,1,8,0,0,0,0,0
24572,1,8,0,0,0,0,0
32704,1,8,0,0,0,0,0
19588,1,8,0,0,0,0,0
13233,1,8,0,0,0,0,0
27084,1,8,0,0,0,0,0
20231,1,8,0,0,0,0,0
1159,1,8,0,0,0,0,0
15016,1,8,0,0,0,0,0
21400,1,8,0,0,0,0,0
14255,1,8,0,0,0,0,0
11177,1,8,0,0,0,0,0
20210,1,8,0,0,0,0,0
22695,1,8,0,0,0,0,0
17724,1,8,0,0,0,0,0
19063,1,8,0,0,0,0,0
2246,1,8,0,0,0,0,0
5423,1,8,0,0,0,0,0
26551,1,8,0,0,0,0,0
4963,1,8,0,0,0,0,0
11763,1,8,0,0,0,0,0
27806,1,8,0,0,0,0,0
32017,1,8,0,0,0,0,0
2407,1,8,0,0,0,0,0
12855,1,8,0,0,0,0,0
27042,1,8,0,0,0,0,0
21798,1,8,0,0,0,0,0
19295,1,8,0,0,0,0,0
18958,1,8,0,0,0,0,0
27700,1,8,0,0,0,0,0
1245,1,8,0,0,0,0,0
32355,1,8,0,0,0,0,0
30847,1,8,0,0,0,0,0
14807,1,8,0,0,0,0,0
19319,1,8,0,0,0,0,0
19483,1,8,0,0,0,0,0
917,1,8,0,0,0,0,0
26728,1,8,0,0,0,0,0
4922,1,8,0,0,0,0,0
16785,1,8,0,0,0,0,0
10691,1,8,0,0,0,0,0
22602,1,8,0,0,0,0,0
10192,1,8,0,0,0,0,0
1958,1,8,0,0,0,0,0
12743,1,8,0,0,0,0,0
12910,1,8,0,0,0,0,0
13973,1,8,0,0,0,0,0
10797,1,8,0,0,0,0,0
14376,1,8,0,0,0,0,0
800,1,8,0,0,0,0,0
7007,1,8,0,0,0,0,0
14976,1,8,0,0,0,0,0
9651,1,8,0,0,0,0,0
31212,1,8,0,0,0,0,0
4425,1,8,0,0,0,0,0
27465,1,8,0,0,0,0,0
23345,1,8,0,0,0,0,0
11364,1,8,0,0,0,0,0
2379,1,8,0,0,0,0,0
17035,1,8,0,0,0,0,0
25960,1,8,0,0,0,0,0
27195,1,8,0,0,0,0,0
17219,1,8,0,0,0,0,0
16473,1,8,0,0,0,0,0
32723,1,8,0,0,0,0,0
5117,1,8,0,0,0,0,0
22293,1,8,0,0,0,0,0
24739,1,8,0,0,0,0,0
25377,1,8,0,0,0,0,0
16730,1,8,0,0,0,0,0
7568,1,8,0,0,0,0,0
4876,1,8,0,0,0,0,0
22761,1,8,0,0,0,0,0
29475,1,8,0,0,0,0,0
31595,1,8,0,0,0,0,0
21873,1,8,0,0,0,0,0
31332,1,8,0,0,0,0,0
32615,1,8,0,0,0,0,0
12328,1,8,0,0,0,0,0
8041,1,8,0,0,0,0,0
24367,1,8,0,0,0,0,0
820,1,8,0,0,0,0,0
20785,1,8,0,0,0,0,0
18125,1,8,0,0,0,0,0
27378,1,8,0,0,0,0,0
22920,1,8,0,0,0,0,0
1415,1,8,0,0,0,0,0
28260,1,8,0,0,0,0,0
25003,1,8,0,0,0,0,0
21782,1,8,0,0,0,0,0
30479,1,8,0,0,0,0,0
25225,1,8,0,0,0,0,0
1796,1,8,0,0,0,0,0
14889,1,8,0,0,0,0,0
22817,1,8,0,0,0,0,0
22590,1,8,0,0,0,0,0
25553,1,8,0,0,0,0,0
4714,1,8,0,0,0,0,0
15285,1,8,0,0,0,0,0
18627,1,8,0,0,0,0,0
20126,1,8,0,0,0,0,0
20735,1,8,0,0,0,0,0
18978,1,8,0,0,0,0,0
1679,1,8,0,0,0,0,0
24746,1,8,0,0,0,0,0
10318,1,8,0,0,0,0,0
24814,1,8,0,0,0,0,0
1843,1,8,0,0,0,0,0
17883,1,8,0,0,0,0,0
6442,1,8,0,0,0,0,0
6154,1,8,0,0,0,0,0
31444,1,8,0,0,0,0,0
24554,1,8,0,0,0,0,0
4300,1,8,0,0,0,0,0
1488,1,8,0,0,0,0,0
9075,1,8,0,0,0,0,0
2580,1,8,0,0,0,0,0
31558,1,8,0,0,0,0,0
14455,1,8,0,0,0,0,0
4299,1,8,0,0,0,0,0
24810,1,8,0,0,0,0,0
22507,1,8,0,0,0,0,0
7729,1,8,0,0,0,0,0
27755,1,8,0,0,0,0,0
23428,1,8,0,0,0,0,0
16959,1,8,0,0,0,0,0
31102,1,8,0,0,0,0,0
1412,1,8,0,0,0,0,0
6033,1,8,0,0,0,0,0
19529,1,8,0,0,0,0,0
19900,1,8,0,0,0,0,0
14471,1,8,0,0,0,0,0
13560,1,8,0,0,0,0,0
27296,1,8,0,0,0,0,0
21844,1,8,0,0,0,0,0
21457,1,8,0,0,0,0,0
32563,1,8,0,0,0,0,0
11672,1,8,0,0,0,0,0
29811,1,8,0,0,0,0,0
3483,1,8,0,0,0,0,0
20840,1,8,0,0,0,0,0
21805,1,8,0,0,0,0,0
21052,1,8,0,0,0,0,0
19161,1,8,0,0,0,0,0
23623,1,8,0,0,0,0,0
14860,1,8,0,0,0,0,0
11775,1,8,0,0,0,0,0
747,1,8,0,0,0,0,0
22614,1,8,0,0,0,0,0
16165,1,8,0,0,0,0,0
1375,1,8,0,0,0,0,0
3306,1,8,0,0,0,0,0
14632,1,8,0,0,0,0,0
27819,1,8,0,0,0,0,0
32228,1,8,0,0,0,0,0
30927,1,8,0,0,0,0,0
2212,1,8,0,0,0,0,0
18997,1,8,0,0,0,0,0
23733,1,8,0,0,0,0,0
21327,1,8,0,0,0,0,0
2756,1,8,0,0,0,0,0
10732,1,8,0,0,0,0,0
19257,1,8,0,0,0,0,0
8787,1,8,0,0,0,0,0
16200,1,8,0,0,0,0,0
7789,1,8,0,0,0,0,0
12533,1,8,0,0,0,0,0
27644,1,8,0,0,0,0,0
1663,1,8,0,0,0,0,0
9989,1,8,0,0,0,0,0
11580,1,8,0,0,0,0,0
26403,1,8,0,0,0,0,0
24011,1,8,0,0,0,0,0
8761,1,8,0,0,0,0,0
24109,1,8,0,0,0,0,0
6822,1,8,0,0,0,0,0
14701,1,8,0,0,0,0,0
6008,1,8,0,0,0,0,0
23337,1,8,0,0,0,0,0
8436,1,8,0,0,0,0,0
31689,1,8,0,0,0,0,0
27689,1,8,0,0,0,0,0
29531,1,8,0,0,0,0,0
1999,1,8,0,0,0,0,0
4926,1,8,0,0,0,0,0
18122,1,8,0,0,0,0,0
27269,1,8,0,0,0,0,0
2164,1,8,0,0,0,0,0
19453,1,8,0,0,0,0,0
22284,1,8,0,0,0,0,0
29435,1,8,0,0,0,0,0
22263,1,8,0,0,0,0,0
30535,1,8,0,0,0,0,0
20942,1,8,0,0,0,0,0
11079,1,8,0,0,0,0,0
1942,1,8,0,0,0,0,0
689,1,8,0,0,0,0,0
24407,1,8,0,0,0,0,0
3974,1,8,0,0,0,0,0
29180,1,8,0,0,0,0,0
5605,1,8,0,0,0,0,0
30140,1,8,0,0,0,0,0
19948,1,8,0,0,0,0,0
4181,1,8,0,0,0,0,0
806,1,8,0,0,0,0,0
23523,1,8,0,0,0,0,0
4607,1,8,0,0,0,0,0
6951,1,8,0,0,0,0,0
4147,1,8,0,0,0,0,0
15073,1,8,0,0,0,0,0
14773,1,8,0,0,0,0,0
11537,1,8,0,0,0,0,0
20186,1,8,0,0,0,0,0
2507,1,8,0,0,0,0,0
19986,1,8,0,0,0,0,0
2032,1,8,0,0,0,0,0
6375,1,8,0,0,0,0,0
15374,1,8,0,0,0,0,0
16414,1,8,0,0,0,0,0
8111,1,8,0,0,0,0,0
31567,1,8,0,0,0,0,0
424,1,8,0,0,0,0,0
20509,1,8,0,0,0,0,0
5789,1,8,0,0,0,0,0
27187,1,8,0,0,0,0,0
8630,1,8,0,0,0,0,0
8106,1,8,0,0,0,0,0
20652,1,8,0,0,0,0,0
4637,1,8,0,0,0,0,0
11016,1,8,0,0,0,0,0
21115,1,8,0,0,0,0,0
4144,1,8,0,0,0,0,0
21846,1,8,0,0,0,0,0
7518,1,8,0,0,0,0,0
335,1,8,0,0,0,0,0
13150,1,8,0,0,0,0,0
4673,1,8,0,0,0,0,0
21163,1,8,0,0,0,0,0
22231,1,8,0,0,0,0,0
15931,1,8,0,0,0,0,0
24047,1,8,0,0,0,0,0
9290,1,8,0,0,0,0,0
5760,1,8,0,0,0,0,0
20878,1,8,0,0,0,0,0
18689,1,8,0,0,0,0,0
29316,1,8,0,0,0,0,0
21068,1,8,0,0,0,0,0
31844,1,8,0,0,0,0,0
15547,1,8,0,0,0,0,0
3996,1,8,0,0,0,0,0
1859,1,8,0,0,0,0,0
22170,1,8,0,0,0,0,0
31911,1,8,0,0,0,0,0
8145,1,8,0,0,0,0,0
15358,1,8,0,0,0,0,0
9096,1,8,0,0,0,0,0
21820,1,8,0,0,0,0,0
22861,1,8,0,0,0,0,0
9157,1,8,0,0,0,0,0
14906,1,8,0,0,0,0,0
2140,1,8,0,0,0,0,0
11922,1,8,0,0,0,0,0
18724,1,8,0,0,0,0,0
20010,1,8,0,0,0,0,0
13169,1,8,0,0,0,0,0
32614,1,8,0,0,0,0,0
25700,1,8,0,0,0,0,0
3792,1,8,0,0,0,0,0
8739,1,8,0,0,0,0,0
31061,1,8,0,0,0,0,0
26698,1,8,0,0,0,0,0
31440,1,8,0,0,0,0,0
3565,1,8,0,0,0,0,0
26919,1,8,0,0,0,0,0
10552,1,8,0,0,0,0,0
2766,1,8,0,0,0,0,0
31287,1,8,0,0,0,0,0
4664,1,8,0,0,0,0,0
7057,1,8,0,0,0,0,0
17202,1,8,0,0,0,0,0
32163,1,8,0,0,0,0,0
20336,1,8,0,0,0,0,0
13640,1,8,0,0,0,0,0
1820,1,8,0,0,0,0,0
527,1,8,0,0,0,0,0
30352,1,8,0,0,0,0,0
30656,1,8,0,0,0,0,0
19679,1,8,0,0,0,0,0
32570,1,8,0,0,0,0,0
13313,1,8,0,0,0,0,0
21959,1,8,0,0,0,0,0
32741,1,8,0,0,0,0,0
10787,1,8,0,0,0,0,0
4461,1,8,0,0,0,0,0
11944,1,8,0,0,0,0,0
14488,1,8,0,0,0,0,0
25688,1,8,0,0,0,0,0
26211,1,8,0,0,0,0,0
4614,1,8,0,0,0,0,0
18434,1,8,0,0,0,0,0
5662,1,8,0,0,0,0,0
31956,1,8,0,0,0,0,0
3613,1,8,0,0,0,0,0
1640,1,8,0,0,0,0,0
29332,1,8,0,0,0,0,0
10414,1,8,0,0,0,0,0
3142,1,8,0,0,0,0,0
9904,1,8,0,0,0,0,0
15868,1,8,0,0,0,0,0
25787,1,8,0,0,0,0,0
31893,1,8,0,0,0,0,0
24337,1,8,0,0,0,0,0
23758,1,8,0,0,0,0,0
2060,1,8,0,0,0,0,0
17133,1,8,0,0,0,0,0
31323,1,8,0,0,0,0,0
2734,1,8,0,0,0,0,0
9098,1,8,0,0,0,0,0
1971,1,8,0,0,0,0,0
19157,1,8,0,0,0,0,0
7491,1,8,0,0,0,0,0
27870,1,8,0,0,0,0,0
16904,1,8,0,0,0,0,0
17627,1,8,0,0,0,0,0
19036,1,8,0,0,0,0,0
32655,1,8,0,0,0,0,0
31233,1,8,0,0,0,0,0
13723,1,8,0,0,0,0,0
7163,1,8,0,0,0,0,0
24580,1,8,0,0,0,0,0
27780,1,8,0,0,0,0,0
3692,1,8,0,0,0,0,0
26238,1,8,0,0,0,0,0
517,1,8,0,0,0,0,0
15867,1,8,0,0,0,0,0
18617,1,8,0,0,0,0,0
16438,1,8,0,0,0,0,0
7743,1,8,0,0,0,0,0
17514,1,8,0,0,0,0,0
16367,1,8,0,0,0,0,0
28365,1,8,0,0,0,0,0
20208,1,8,0,0,0,0,0
22274,1,8,0,0,0,0,0
16028,1,8,0,0,0,0,0
17374,1,8,0,0,0,0,0
8716,1,8,0,0,0,0,0
12458,1,8,0,0,0,0,0
31324,1,8,0,0,0,0,0
21379,1,8,0,0,0,0,0
29277,1,8,0,0,0,0,0
4769,1,8,0,0,0,0,0
410,1,8,0,0,0,0,0
19996,1,8,0,0,0,0,0
14669,1,8,0,0,0,0,0
17795,1,8,0,0,0,0,0
9172,1,8,0,0,0,0,0
20093,1,8,0,0,0,0,0
4990,1,8,0,0,0,0,0
15227,1,8,0,0,0,0,0
31961,1,8,0,0,0,0,0
4058,1,8,0,0,0,0,0
29086,1,8,0,0,0,0,0
10507,1,8,0,0,0,0,0
20289,1,8,0,0,0,0,0
18420,1,8,0,0,0,0,0
30317,1,8,0,0,0,0,0
10533,1,8,0,0,0,0,0
12632,1,8,0,0,0,0,0
154,1,8,0,0,0,0,0
7881,1,8,0,0,0,0,0
2117,1,8,0,0,0,0,0
11622,1,8,0,0,0,0,0
9660,1,8,0,0,0,0,0
26896,1,8,0,0,0,0,0
19921,1,8,0,0,0,0,0
4055,1,8,0,0,0,0,0
1378,1,8,0,0,0,0,0
20731,1,8,0,0,0,0,0
5625,1,8,0,0,0,0,0
1597,1,8,0,0,0,0,0
27321,1,8,0,0,0,0,0
23013,1,8,0,0,0,0,0
24285,1,8,0,0,0,0,0
14076,1,8,0,0,0,0,0
30897,1,8,0,0,0,0,0
18245,1,8,0,0,0,0,0
23408,1,8,0,0,0,0,0
8147,1,8,0,0,0,0,0
8320,1,8,0,0,0,0,0
32423,1,8,0,0,0,0,0
24628,1,8,0,0,0,0,0
26398,1,8,0,0,0,0,0
30403,1,8,0,0,0,0,0
25918,1,8,0,0,0,0,0
22037,1,8,0,0,0,0,0
29511,1,8,0,0,0,0,0
12751,1,8,0,0,0,0,0
13804,1,8,0,0,0,0,0
26067,1,8,0,0,0,0,0
17039,1,8,0,0,0,0,0
16855,1,8,0,0,0,0,0
19703,1,8,0,0,0,0,0
12560,1,8,0,0,0,0,0
12988,1,8,0,0,0,0,0
3545,1,8,0,0,0,0,0
29786,1,8,0,0,0,0,0
15141,1,8,0,0,0,0,0
1451,1,8,0,0,0,0,0
5516,1,8,0,0,0,0,0
17384,1,8,0,0,0,0,0
26670,1,8,0,0,0,0,0
25591,1,8,0,0,0,0,0
10819,1,8,0,0,0,0,0
28350,1,8,0,0,0,0,0
7268,1,8,0,0,0,0,0
31241,1,8,0,0,0,0,0
21050,1,8,0,0,0,0,0
757,1,8,0,0,0,0,0
15144,1,8,0,0,0,0,0
28431,1,8,0,0,0,0,0
8865,1,8,0,0,0,0,0
16181,1,8,0,0,0,0,0
26230,1,8,0,0,0,0,0
15376,1,8,0,0,0,0,0
7538,1,8,0,0,0,0,0
21263,1,8,0,0,0,0,0
29943,1,8,0,0,0,0,0
16568,1,8,0,0,0,0,0
20685,1,8,0,0,0,0,0
10594,1,8,0,0,0,0,0
28407,1,8,0,0,0,0,0
28788,1,8,0,0,0,0,0
20091,1,8,0,0,0,0,0
12986,1,8,0,0,0,0,0
30372,1,8,0,0,0,0,0
7654,1,8,0,0,0,0,0
9441,1,8,0,0,0,0,0
25298,1,8,0,0,0,0,0
29837,1,8,0,0,0,0,0
3091,1,8,0,0,0,0,0
15834,1,8,0,0,0,0,0
12057,1,8,0,0,0,0,0
978,1,8,0,0,0,0,0
28073,1,8,0,0,0,0,0
16566,1,8,0,0,0,0,0
29552,1,8,0,0,0,0,0
27177,1,8,0,0,0,0,0
18138,1,8,0,0,0,0,0
2727,1,8,0,0,0,0,0
205,1,8,0,0,0,0,0
8163,1,8,0,0,0,0,0
29452,1,8,0,0,0,0,0
12653,1,8,0,0,0,0,0
99,1,8,0,0,0,0,0
21940,1,8,0,0,0,0,0
24139,1,8,0,0,0,0,0
28991,1,8,0,0,0,0,0
6816,1,8,0,0,0,0,0
6107,1,8,0,0,0,0,0
28067,1,8,0,0,0,0,0
654,1,8,0,0,0,0,0
1887,1,8,0,0,0,0,0
3184,1,8,0,0,0,0,0
6975,1,8,0,0,0,0,0
22563,1,8,0,0,0,0,0
24476,1,8,0,0,0,0,0
11867,1,8,0,0,0,0,0
10439,1,8,0,0,0,0,0
21545,1,8,0,0,0,0,0
25001,1,8,0,0,0,0,0
32164,1,8,0,0,0,0,0
21814,1,8,0,0,0,0,0
31158,1,8,0,0,0,0,0
21258,1,8,0,0,0,0,0
11038,1,8,0,0,0,0,0
18817,1,8,0,0,0,0,0
9679,1,8,0,0,0,0,0
28794,1,8,0,0,0,0,0
1615,1,8,0,0,0,0,0
20359,1,8,0,0,0,0,0
4085,1,8,0,0,0,0,0
21691,1,8,0,0,0,0,0
25875,1,8,0,0,0,0,0
31019,1,8,0,0,0,0,0
25064,1,8,0,0,0,0,0
11947,1,8,0,0,0,0,0
11278,1,8,0,0,0,0,0
1083,1,8,0,0,0,0,0
17907,1,8,0,0,0,0,0
15132,1,8,0,0,0,0,0
15201,1,8,0,0,0,0,0
14071,1,8,0,0,0,0,0
25238,1,8,0,0,0,0,0
15133,1,8,0,0,0,0,0
8072,1,8,0,0,0,0,0
3473,1,8,0,0,0,0,0
6690,1,8,0,0,0,0,0
28382,1,8,0,0,0,0,0
2376,1,8,0,0,0,0,0
20422,1,8,0,0,0,0,0
5690,1,8,0,0,0,0,0
12527,1,8,0,0,0,0,0
21372,1,8,0,0,0,0,0
20995,1,8,0,0,0,0,0
24191,1,8,0,0,0,0,0
9998,1,8,0,0,0,0,0
25936,1,8,0,0,0,0,0
1890,1,8,0,0,0,0,0
23848,1,8,0,0,0,0,0
13677,1,8,0,0,0,0,0
18091,1,8,0,0,0,0,0
5105,1,8,0,0,0,0,0
15044,1,8,0,0,0,0,0
14692,1,8,0,0,0,0,0
20273,1,8,0,0,0,0,0
105,1,8,0,0,0,0,0
3339,1,8,0,0,0,0,0
17209,1,8,0,0,0,0,0
28985,1,8,0,0,0,0,0
1254,1,8,0,0,0,0,0
10971,1,8,0,0,0,0,0
4944,1,8,0,0,0,0,0
5681,1,8,0,0,0,0,0
25678,1,8,0,0,0,0,0
27001,1,8,0,0,0,0,0
18649,1,8,0,0,0,0,0
251,1,8,0,0,0,0,0
5951,1,8,0,0,0,0,0
16394,1,8,0,0,0,0,0
23906,1,8,0,0,0,0,0
11624,1,8,0,0,0,0,0
24319,1,8,0,0,0,0,0
6599,1,8,0,0,0,0,0
22106,1,8,0,0,0,0,0
7030,1,8,0,0,0,0,0
14005,1,8,0,0,0,0,0
25037,1,-8,0,0,0,0,0
3776,1,-8,0,0,0,0,0
13341,1,-8,0,0,0,0,0
30385,1,-8,0,0,0,0,0
18718,1,-8,0,0,0,0,0
716,1,-8,0,0,0,0,0
25895,1,-8,0,0,0,0,0
19951,1,-8,0,0,0,0,0
10,1,-8,0,0,0,0,0
8394,1,-8,0,0,0,0,0
31100,1,-8,0,0,0,0,0
6660,1,-8,0,0,0,0,0
22599,1,-8,0,0,0,0,0
21254,1,-8,0,0,0,0,0
13857,1,-8,0,0,0,0,0
29652,1,-8,0,0,0,0,0
24932,1,-8,0,0,0,0,0
29280,1,-8,0,0,0,0,0
25818,1,-8,0,0,0,0,0
15630,1,-8,0,0,0,0,0
14391,1,-8,0,0,0,0,0
26070,1,-8,0,0,0,0,0
22766,1,-8,0,0,0,0,0
20858,1,-8,0,0,0,0,0
26645,1,-8,0,0,0,0,0
4110,1,-8,0,0,0,0,0
9778,1,-8,0,0,0,0,0
1723,1,-8,0,0,0,0,0
3822,1,-8,0,0,0,0,0
5847,1,-8,0,0,0,0,0
12291,1,-8,0,0,0,0,0
15814,1,-8,0,0,0,0,0
9731,1,-8,0,0,0,0,0
27923,1,-8,0,0,0,0,0
22107,1,-8,0,0,0,0,0
576,1,-8,0,0,0,0,0
11859,1,-8,0,0,0,0,0
3455,1,-8,0,0,0,0,0
907,1,-8,0,0,0,0,0
11782,1,-8,0,0,0,0,0
5208,1,-8,0,0,0,0,0
2794,1,-8,0,0,0,0,0
12997,1,-8,0,0,0,0,0
4298,1,-8,0,0,0,0,0
4187,1,-8,0,0,0,0,0
6136,1,-8,0,0,0,0,0
15126,1,-8,0,0,0,0,0
10969,1,-8,0,0,0,0,0
24748,1,-8,0,0,0,0,0
8735,1,-8,0,0,0,0,0
10412,1,-8,0,0,0,0,0
24541,1,-8,0,0,0,0,0
25433,1,-8,0,0,0,0,0
9567,1,-8,0,0,0,0,0
1762,1,-8,0,0,0,0,0
23321,1,-8,0,0,0,0,0
24919,1,-8,0,0,0,0,0
15538,1,-8,0,0,0,0,0
7089,1,-8,0,0,0,0,0
1068,1,-8,0,0,0,0,0
10716,1,-8,0,0,0,0,0
22888,1,-8,0,0,0,0,0
4345,1,-8,0,0,0,0,0
5704,1,-8,0,0,0,0,0
630,1,-8,0,0,0,0,0
16233,1,-8,0,0,0,0,0
9186,1,-8,0,0,0,0,0
6646,1,-8,0,0,0,0,0
24539,1,-8,0,0,0,0,0
3877,1,-8,0,0,0,0,0
28129,1,-8,0,0,0,0,0
25636,1,-8,0,0,0,0,0
10392,1,-8,0,0,0,0,0
14875,1,-8,0,0,0,0,0
1335,1,-8,0,0,0,0,0
6053,1,-8,0,0,0,0,0
19802,1,-8,0,0,0,0,0
14691,1,-8,0,0,0,0,0
11713,1,-8,0,0,0,0,0
6003,1,-8,0,0,0,0,0
27681,1,-8,0,0,0,0,0
6775,1,-8,0,0,0,0,0
1043,1,-8,0,0,0,0,0
10949,1,-8,0,0,0,0,0
16179,1,-8,0,0,0,0,0
24332,1,-8,0,0,0,0,0
7914,1,-8,0,0,0,0,0
30526,1,-8,0,0,0,0,0
3446,1,-8,0,0,0,0,0
24167,1,-8,0,0,0,0,0
29769,1,-8,0,0,0,0,0
20217,1,-8,0,0,0,0,0
31556,1,-8,0,0,0,0,0
5133,1,-8,0,0,0,0,0
28100,1,-8,0,0,0,0,0
1111,1,-8,0,0,0,0,0
6501,1,-8,0,0,0,0,0
24348,1,-8,0,0,0,0,0
1344,1,-8,0,0,0,0,0
3493,1,-8,0,0,0,0,0
12895,1,-8,0,0,0,0,0
26371,1,-8,0,0,0,0,0
8086,1,-8,0,0,0,0,0
9236,1,-8,0,0,0,0,0
28155,1,-8,0,0,0,0,0
6678,1,-8,0,0,0,0,0
27384,1,-8,0,0,0,0,0
25410,1,-8,0,0,0,0,0
9491,1,-8,0,0,0,0,0
10424,1,-8,0,0,0,0,0
23135,1,-8,0,0,0,0,0
17216,1,-8,0,0,0,0,0
6789,1,-8,0,0,0,0,0
21872,1,-8,0,0,0,0,0
26178,1,-8,0,0,0,0,0
17849,1,-8,0,0,0,0,0
8751,1,-8,0,0,0,0,0
3900,1,-8,0,0,0,0,0
457,1,-8,0,0,0,0,0
21390,1,-8,0,0,0,0,0
19914,1,-8,0,0,0,0,0
18962,1,-8,0,0,0,0,0
4498,1,-8,0,0,0,0,0
16494,1,-8,0,0,0,0,0
10684,1,-8,0,0,0,0,0
30523,1,-8,0,0,0,0,0
32617,1,-8,0,0,0,0,0
3880,1,-8,0,0,0,0,0
11762,1,-8,0,0,0,0,0
25046,1,-8,0,0,0,0,0
17830,1,-8,0,0,0,0,0
2907,1,-8,0,0,0,0,0
5622,1,-8,0,0,0,0,0
30018,1,-8,0,0,0,0,0
9914,1,-8,0,0,0,0,0
7217,1,-8,0,0,0,0,0
11421,1,-8,0,0,0,0,0
21238,1,-8,0,0,0,0,0
15308,1,-8,0,0,0,0,0
31778,1,-8,0,0,0,0,0
14289,1,-8,0,0,0,0,0
25194,1,-8,0,0,0,0,0
20479,1,-8,0,0,0,0,0
20122,1,-8,0,0,0,0,0
14947,1,-8,0,0,0,0,0
31614,1,-8,0,0,0,0,0
26292,1,-8,0,0,0,0,0
14268,1,-8,0,0,0,0,0
23605,1,-8,0,0,0,0,0
29348,1,-8,0,0,0,0,0
7307,1,-8,0,0,0,0,0
15741,1,-8,0,0,0,0,0
5173,1,-8,0,0,0,0,0
5766,1,-8,0,0,0,0,0
914,1,-8,0,0,0,0,0
3215,1,-8,0,0,0,0,0
14995,1,-8,0,0,0,0,0
1774,1,-8,0,0,0,0,0
13423,1,-8,0,0,0,0,0
23234,1,-8,0,0,0,0,0
9085,1,-8,0,0,0,0,0
3123,1,-8,0,0,0,0,0
16283,1,-8,0,0,0,0,0
21388,1,-8,0,0,0,0,0
19843,1,-8,0,0,0,0,0
31273,1,-8,0,0,0,0,0
15071,1,-8,0,0,0,0,0
27600,1,-8,0,0,0,0,0
21686,1,-8,0,0,0,0,0
9532,1,-8,0,0,0,0,0
21375,1,-8,0,0,0,0,0
12858,1,-8,0,0,0,0,0
12448,1,-8,0,0,0,0,0
14625,1,-8,0,0,0,0,0
17747,1,-8,0,0,0,0,0
12954,1,-8,0,0,0,0,0
1228,1,-8,0,0,0,0,0
1726,1,-8,0,0,0,0,0
8408,1,-8,0,0,0,0,0
26814,1,-8,0,0,0,0,0
19584,1,-8,0,0,0,0,0
24194,1,-8,0,0,0,0,0
2189,1,-8,0,0,0,0,0
10932,1,-8,0,0,0,0,0
4197,1,-8,0,0,0,0,0
24408,1,-8,0,0,0,0,0
9197,1,-8,0,0,0,0,0
31166,1,-8,0,0,0,0,0
1073,1,-8,0,0,0,0,0
15019,1,-8,0,0,0,0,0
4028,1,-8,0,0,0,0,0
23615,1,-8,0,0,0,0,0
16658,1,-8,0,0,0,0,0
29788,1,-8,0,0,0,0,0
16971,1,-8,0,0,0,0,0
12889,1,-8,0,0,0,0,0
3819,1,-8,0,0,0,0,0
13601,1,-8,0,0,0,0,0
14021,1,-8,0,0,0,0,0
8667,1,-8,0,0,0,0,0
383,1,-8,0,0,0,0,0
25909,1,-8,0,0,0,0,0
24829,1,-8,0,0,0,0,0
18019,1,-8,0,0,0,0,0
11989,1,-8,0,0,0,0,0
3459,1,-8,0,0,0,0,0
22223,1,-8,0,0,0,0,0
15793,1,-8,0,0,0,0,0
13865,1,-8,0,0,0,0,0
8818,1,-8,0,0,0,0,0
9334,1,-8,0,0,0,0,0
23932,1,-8,0,0,0,0,0
26763,1,-8,0,0,0,0,0
23757,1,-8,0,0,0,0,0
9986,1,-8,0,0,0,0,0
16998,1,-8,0,0,0,0,0
15364,1,-8,0,0,0,0,0
31021,1,-8,0,0,0,0,0
20038,1,-8,0,0,0,0,0
23957,1,-8,0,0,0,0,0
30101,1,-8,0,0,0,0,0
381,1,-8,0,0,0,0,0
29008,1,-8,0,0,0,0,0
21945,1,-8,0,0,0,0,0
19769,1,-8,0,0,0,0,0
12119,1,-8,0,0,0,0,0
21701,1,-8,0,0,0,0,0
11565,1,-8,0,0,0,0,0
29102,1,-8,0,0,0,0,0
19311,1,-8,0,0,0,0,0
29181,1,-8,0,0,0,0,0
23589,1,-8,0,0,0,0,0
11256,1,-8,0,0,0,0,0
24723,1,-8,0,0,0,0,0
5097,1,-8,0,0,0,0,0
29683,1,-8,0,0,0,0,0
4322,1,-8,0,0,0,0,0
18079,1,-8,0,0,0,0,0
13449,1,-8,0,0,0,0,0
12191,1,-8,0,0,0,0,0
30804,1,-8,0,0,0,0,0
12212,1,-8,0,0,0,0,0
11966,1,-8,0,0,0,0,0
17909,1,-8,0,0,0,0,0
30929,1,-8,0,0,0,0,0
17105,1,-8,0,0,0,0,0
3253,1,-8,0,0,0,0,0
19960,1,-8,0,0,0,0,0
8495,1,-8,0,0,0,0,0
20638,1,-8,0,0,0,0,0
31458,1,-8,0,0,0,0,0
18529,1,-8,0,0,0,0,0
32213,1,-8,0,0,0,0,0
7719,1,-8,0,0,0,0,0
19955,1,-8,0,0,0,0,0
30768,1,-8,0,0,0,0,0
22928,1,-8,0,0,0,0,0
26076,1,-8,0,0,0,0,0
21644,1,-8,0,0,0,0,0
24253,1,-8,0,0,0,0,0
22518,1,-8,0,0,0,0,0
9298,1,-8,0,0,0,0,0
4977,1,-8,0,0,0,0,0
3690,1,-8,0,0,0,0,0
24684,1,-8,0,0,0,0,0
9063,1,-8,0,0,0,0,0
25558,1,-8,0,0,0,0,0
26179,1,-8,0,0,0,0,0
16486,1,-8,0,0,0,0,0
29801,1,-8,0,0,0,0,0
1274,1,-8,0,0,0,0,0
14711,1,-8,0,0,0,0,0
30495,1,-8,0,0,0,0,0
17066,1,-8,0,0,0,0,0
27971,1,-8,0,0,0,0,0
22354,1,-8,0,0,0,0,0
29684,1,-8,0,0,0,0,0
13290,1,-8,0,0,0,0,0
1534,1,-8,0,0,0,0,0
7761,1,-8,0,0,0,0,0
916,1,-8,0,0,0,0,0
29892,1,-8,0,0,0,0,0
10735,1,-8,0,0,0,0,0
13806,1,-8,0,0,0,0,0
16722,1,-8,0,0,0,0,0
12970,1,-8,0,0,0,0,0
11028,1,-8,0,0,0,0,0
23060,1,-8,0,0,0,0,0
5250,1,-8,0,0,0,0,0
9613,1,-8,0,0,0,0,0
10555,1,-8,0,0,0,0,0
23855,1,-8,0,0,0,0,0
11838,1,-8,0,0,0,0,0
11815,1,-8,0,0,0,0,0
32578,1,-8,0,0,0,0,0
1389,1,-8,0,0,0,0,0
4665,1,-8,0,0,0,0,0
9741,1,-8,0,0,0,0,0
30710,1,-8,0,0,0,0,0
28677,1,-8,0,0,0,0,0
29337,1,-8,0,0,0,0,0
6344,1,-8,0,0,0,0,0
20979,1,-8,0,0,0,0,0
31071,1,-8,0,0,0,0,0
2146,1,-8,0,0,0,0,0
24725,1,-8,0,0,0,0,0
28200,1,-8,0,0,0,0,0
15076,1,-8,0,0,0,0,0
11059,1,-8,0,0,0,0,0
30544,1,-8,0,0,0,0,0
24796,1,-8,0,0,0,0,0
12185,1,-8,0,0,0,0,0
16602,1,-8,0,0,0,0,0
22788,1,-8,0,0,0,0,0
11547,1,-8,0,0,0,0,0
23583,1,-8,0,0,0,0,0
31254,1,-8,0,0,0,0,0
32080,1,-8,0,0,0,0,0
30098,1,-8,0,0,0,0,0
4007,1,-8,0,0,0,0,0
5488,1,-8,0,0,0,0,0
11870,1,-8,0,0,0,0,0
21135,1,-8,0,0,0,0,0
5274,1,-8,0,0,0,0,0
29580,1,-8,0,0,0,0,0
19927,1,-8,0,0,0,0,0
16258,1,-8,0,0,0,0,0
29872,1,-8,0,0,0,0,0
12851,1,-8,0,0,0,0,0
8484,1,-8,0,0,0,0,0
7842,1,-8,0,0,0,0,0
15655,1,-8,0,0,0,0,0
13160,1,-8,0,0,0,0,0
10744,1,-8,0,0,0,0,0
9996,1,-8,0,0,0,0,0
29133,1,-8,0,0,0,0,0
9400,1,-8,0,0,0,0,0
6702,1,-8,0,0,0,0,0
4042,1,-8,0,0,0,0,0
10840,1,-8,0,0,0,0,0
10132,1,-8,0,0,0,0,0
9652,1,-8,0,0,0,0,0
9672,1,-8,0,0,0,0,0
29055,1,-8,0,0,0,0,0
5726,1,-8,0,0,0,0,0
30151,1,-8,0,0,0,0,0
431,1,-8,0,0,0,0,0
7693,1,-8,0,0,0,0,0
16050,1,-8,0,0,0,0,0
23450,1,-8,0,0,0,0,0
4406,1,-8,0,0,0,0,0
31232,1,-8,0,0,0,0,0
367,1,-8,0,0,0,0,0
8079,1,-8,0,0,0,0,0
31392,1,-8,0,0,0,0,0
18638,1,-8,0,0,0,0,0
27883,1,-8,0,0,0,0,0
2279,1,-8,0,0,0,0,0
13171,1,-8,0,0,0,0,0
28565,1,-8,0,0,0,0,0
29407,1,-8,0,0,0,0,0
25783,1,-8,0,0,0,0,0
14696,1,-8,0,0,0,0,0
28708,1,-8,0,0,0,0,0
16372,1,-8,0,0,0,0,0
9623,1,-8,0,0,0,0,0
27985,1,-8,0,0,0,0,0
23246,1,-8,0,0,0,0,0
3182,1,-8,0,0,0,0,0
17500,1,-8,0,0,0,0,0
28268,1,-8,0,0,0,0,0
32451,1,-8,0,0,0,0,0
21961,1,-8,0,0,0,0,0
21613,1,-8,0,0,0,0,0
12156,1,-8,0,0,0,0,0
32060,1,-8,0,0,0,0,0
31756,1,-8,0,0,0,0,0
15394,1,-8,0,0,0,0,0
29736,1,-8,0,0,0,0,0
22859,1,-8,0,0,0,0,0
15625,1,-8,0,0,0,0,0
18202,1,-8,0,0,0,0,0
28308,1,-8,0,0,0,0,0
11081,1,-8,0,0,0,0,0
23879,1,-8,0,0,0,0,0
24819,1,-8,0,0,0,0,0
13439,1,-8,0,0,0,0,0
27055,1,-8,0,0,0,0,0
23472,1,-8,0,0,0,0,0
5391,1,-8,0,0,0,0,0
30567,1,-8,0,0,0,0,0
5757,1,-8,0,0,0,0,0
10450,1,-8,0,0,0,0,0
9732,1,-8,0,0,0,0,0
27165,1,-8,0,0,0,0,0
11655,1,-8,0,0,0,0,0
13154,1,-8,0,0,0,0,0
9367,1,-8,0,0,0,0,0
16365,1,-8,0,0,0,0,0
15884,1,-8,0,0,0,0,0
31931,1,-8,0,0,0,0,0
2615,1,-8,0,0,0,0,0
14706,1,-8,0,0,0,0,0
29626,1,-8,0,0,0,0,0
2748,1,-8,0,0,0,0,0
14991,1,-8,0,0,0,0,0
4632,1,-8,0,0,0,0,0
3583,1,-8,0,0,0,0,0
8737,1,-8,0,0,0,0,0
31760,1,-8,0,0,0,0,0
32377,1,-8,0,0,0,0,0
15825,1,-8,0,0,0,0,0
22393,1,-8,0,0,0,0,0
26465,1,-8,0,0,0,0,0
2532,1,-8,0,0,0,0,0
16437,1,-8,0,0,0,0,0
31266,1,-8,0,0,0,0,0
26100,1,-8,0,0,0,0,0
28573,1,-8,0,0,0,0,0
14973,1,-8,0,0,0,0,0
27756,1,-8,0,0,0,0,0
5114,1,-8,0,0,0,0,0
11265,1,-8,0,0,0,0,0
18071,1,-8,0,0,0,0,0
20351,1,-8,0,0,0,0,0
31655,1,-8,0,0,0,0,0
15750,1,-8,0,0,0,0,0
3710,1,-8,0,0,0,0,0
25890,1,-8,0,0,0,0,0
24492,1,-8,0,0,0,0,0
28674,1,-8,0,0,0,0,0
24705,1,-8,0,0,0,0,0
2714,1,-8,0,0,0,0,0
7605,1,-8,0,0,0,0,0
31058,1,-8,0,0,0,0,0
32669,1,-8,0,0,0,0,0
26734,1,-8,0,0,0,0,0
14929,1,-8,0,0,0,0,0
21646,1,-8,0,0,0,0,0
24872,1,-8,0,0,0,0,0
31962,1,-8,0,0,0,0,0
32353,1,-8,0,0,0,0,0
19289,1,-8,0,0,0,0,0
15580,1,-8,0,0,0,0,0
22157,1,-8,0,0,0,0,0
13457,1,-8,0,0,0,0,0
22236,1,-8,0,0,0,0,0
22126,1,-8,0,0,0,0,0
10328,1,-8,0,0,0,0,0
12935,1,-8,0,0,0,0,0
8579,1,-8,0,0,0,0,0
8112,1,-8,0,0,0,0,0
17681,1,-8,0,0,0,0,0
27054,1,-8,0,0,0,0,0
3124,1,-8,0,0,0,0,0
18811,1,-8,0,0,0,0,0
30361,1,-8,0,0,0,0,0
22755,1,-8,0,0,0,0,0
18401,1,-8,0,0,0,0,0
1606,1,-8,0,0,0,0,0
24878,1,-8,0,0,0,0,0
25702,1,-8,0,0,0,0,0
19929,1,-8,0,0,0,0,0
21792,1,-8,0,0,0,0,0
24391,1,-8,0,0,0,0,0
15575,1,-8,0,0,0,0,0
15663,1,-8,0,0,0,0,0
10784,1,-8,0,0,0,0,0
17257,1,-8,0,0,0,0,0
18863,1,-8,0,0,0,0,0
5350,1,-8,0,0,0,0,0
10915,1,-8,0,0,0,0,0
1020,1,-8,0,0,0,0,0
14964,1,-8,0,0,0,0,0
5174,1,-8,0,0,0,0,0
5885,1,-8,0,0,0,0,0
22104,1,-8,0,0,0,0,0
14858,1,-8,0,0,0,0,0
21842,1,-8,0,0,0,0,0
15783,1,-8,0,0,0,0,0
1826,1,-8,0,0,0,0,0
8300,1,-8,0,0,0,0,0
25638,1,-8,0,0,0,0,0
19694,1,-8,0,0,0,0,0
6090,1,-8,0,0,0,0,0
11610,1,-8,0,0,0,0,0
28401,1,-8,0,0,0,0,0
23702,1,-8,0,0,0,0,0
19399,1,-8,0,0,0,0,0
31976,1,-8,0,0,0,0,0
20903,1,-8,0,0,0,0,0
19088,1,-8,0,0,0,0,0
16801,1,-8,0,0,0,0,0
17285,1,-8,0,0,0,0,0
13756,1,-8,0,0,0,0,0
210,1,-8,0,0,0,0,0
24651,1,-8,0,0,0,0,0
25079,1,-8,0,0,0,0,0
23951,1,-8,0,0,0,0,0
2171,1,-8,0,0,0,0,0
29183,1,-8,0,0,0,0,0
23731,1,-8,0,0,0,0,0
12923,1,-8,0,0,0,0,0
32045,1,-8,0,0,0,0,0
16248,1,-8,0,0,0,0,0
14402,1,-8,0,0,0,0,0
20743,1,-8,0,0,0,0,0
24760,1,-8,0,0,0,0,0
20565,1,-8,0,0,0,0,0
11737,1,-8,0,0,0,0,0
7258,1,-8,0,0,0,0,0
987,1,-8,0,0,0,0,0
25880,1,-8,0,0,0,0,0
13393,1,-8,0,0,0,0,0
2701,1,-8,0,0,0,0,0
12978,1,-8,0,0,0,0,0
24976,1,-8,0,0,0,0,0
16089,1,-8,0,0,0,0,0
25885,1,-8,0,0,0,0,0
14085,1,-8,0,0,0,0,0
19963,1,-8,0,0,0,0,0
20240,1,-8,0,0,0,0,0
6520,1,-8,0,0,0,0,0
19183,1,-8,0,0,0,0,0
22832,1,-8,0,0,0,0,0
22405,1,-8,0,0,0,0,0
25355,1,-8,0,0,0,0,0
10705,1,-8,0,0,0,0,0
324,1,-8,0,0,0,0,0
13010,1,-8,0,0,0,0,0
8838,1,-8,0,0,0,0,0
32263,1,-8,0,0,0,0,0
24716,1,-8,0,0,0,0,0
22509,1,-8,0,0,0,0,0
27027,1,-8,0,0,0,0,0
787,1,-8,0,0,0,0,0
22735,1,-8,0,0,0,0,0
11337,1,-8,0,0,0,0,0
26424,1,-8,0,0,0,0,0
1248,1,-8,0,0,0,0,0
6747,1,-8,0,0,0,0,0
18290,1,-8,0,0,0,0,0
7805,1,-8,0,0,0,0,0
3179,1,-8,0,0,0,0,0
24385,1,-8,0,0,0,0,0
13788,1,-8,0,0,0,0,0
6152,1,-8,0,0,0,0,0
19372,1,-8,0,0,0,0,0
31624,1,-8,0,0,0,0,0
7066,1,-8,0,0,0,0,0
15300,1,-8,0,0,0,0,0
17863,1,-8,0,0,0,0,0
27772,1,-8,0,0,0,0,0
1280,1,-8,0,0,0,0,0
300,1,-8,0,0,0,0,0
28480,1,-8,0,0,0,0,0
23852,1,-8,0,0,0,0,0
20170,1,-8,0,0,0,0,0
7247,1,-8,0,0,0,0,0
32119,1,-8,0,0,0,0,0
17179,1,-8,0,0,0,0,0
9338,1,-8,0,0,0,0,0
9736,1,-8,0,0,0,0,0
26750,1,-8,0,0,0,0,0
8994,1,-8,0,0,0,0,0
23224,1,-8,0,0,0,0,0
25826,1,-8,0,0,0,0,0
9909,1,-8,0,0,0,0,0
15763,1,-8,0,0,0,0,0
3529,1,-8,0,0,0,0,0
28903,1,-8,0,0,0,0,0
14397,1,-8,0,0,0,0,0
28045,1,-8,0,0,0,0,0
10337,1,-8,0,0,0,0,0
30165,1,-8,0,0,0,0,0
7814,1,-8,0,0,0,0,0
22315,1,-8,0,0,0,0,0
21291,1,-8,0,0,0,0,0
12809,1,-8,0,0,0,0,0
20526,1,-8,0,0,0,0,0
13097,1,-8,0,0,0,0,0
28698,1,-8,0,0,0,0,0
15841,1,-8,0,0,0,0,0
25339,1,-8,0,0,0,0,0
1404,1,-8,0,0,0,0,0
8350,1,-8,0,0,0,0,0
17459,1,-8,0,0,0,0,0
30486,1,-8,0,0,0,0,0
9538,1,-8,0,0,0,0,0
25628,1,-8,0,0,0,0,0
692,1,-8,0,0,0,0,0
5443,1,-8,0,0,0,0,0
9586,1,-8,0,0,0,0,0
13780,1,-8,0,0,0,0,0
30320,1,-8,0,0,0,0,0
3379,1,-8,0,0,0,0,0
17186,1,-8,0,0,0,0,0
18763,1,-8,0,0,0,0,0
19222,1,-8,0,0,0,0,0
2697,1,-8,0,0,0,0,0
202,1,-8,0,0,0,0,0
30221,1,-8,0,0,0,0,0
31520,1,-8,0,0,0,0,0
22997,1,-8,0,0,0,0,0
29131,1,-8,0,0,0,0,0
8880,1,-8,0,0,0,0,0
14192,1,-8,0,0,0,0,0
17992,1,-8,0,0,0,0,0
7357,1,-8,0,0,0,0,0
3293,1,-8,0,0,0,0,0
9342,1,-8,0,0,0,0,0
11248,1,-8,0,0,0,0,0
29343,1,-8,0,0,0,0,0
21206,1,-8,0,0,0,0,0
10945,1,-8,0,0,0,0,0
27880,1,-8,0,0,0,0,0
28498,1,-8,0,0,0,0,0
6140,1,-8,0,0,0,0,0
13986,1,-8,0,0,0,0,0
20156,1,-8,0,0,0,0,0
6724,1,-8,0,0,0,0,0
7212,1,-8,0,0,0,0,0
14469,1,-8,0,0,0,0,0
5736,1,-8,0,0,0,0,0
6558,1,-8,0,0,0,0,0
14866,1,-8,0,0,0,0,0
15772,1,-8,0,0,0,0,0
1401,1,-8,0,0,0,0,0
639,1,-8,0,0,0,0,0
22597,1,-8,0,0,0,0,0
17840,1,-8,0,0,0,0,0
26721,1,-8,0,0,0,0,0
12038,1,-8,0,0,0,0,0
19717,1,-8,0,0,0,0,0
22812,1,-8,0,0,0,0,0
23032,1,-8,0,0,0,0,0
30738,1,-8,0,0,0,0,0
24871,1,-8,0,0,0,0,0
16097,1,-8,0,0,0,0,0
13266,1,-8,0,0,0,0,0
4193,1,-8,0,0,0,0,0
31335,1,-8,0,0,0,0,0
18716,1,-8,0,0,0,0,0
14362,1,-8,0,0,0,0,0
18257,1,-8,0,0,0,0,0
32023,1,-8,0,0,0,0,0
3063,1,-8,0,0,0,0,0
25962,1,-8,0,0,0,0,0
6009,1,-8,0,0,0,0,0
458,1,-8,0,0,0,0,0
31707,1,-8,0,0,0,0,0
18007,1,-8,0,0,0,0,0
22286,1,-8,0,0,0,0,0
5374,1,-8,0,0,0,0,0
12806,1,-8,0,0,0,0,0
6761,1,-8,0,0,0,0,0
2869,1,-8,0,0,0,0,0
13073,1,-8,0,0,0,0,0
709,1,-8,0,0,0,0,0
13416,1,-8,0,0,0,0,0
16148,1,-8,0,0,0,0,0
16278,1,-8,0,0,0,0,0
24667,1,-8,0,0,0,0,0
10498,1,-8,0,0,0,0,0
13310,1,-8,0,0,0,0,0
6255,1,-8,0,0,0,0,0
10173,1,-8,0,0,0,0,0
9815,1,-8,0,0,0,0,0
17307,1,-8,0,0,0,0,0
23780,1,-8,0,0,0,0,0
10887,1,-8,0,0,0,0,0
11827,1,-8,0,0,0,0,0
8336,1,-8,0,0,0,0,0
16638,1,-8,0,0,0,0,0
27012,1,-8,0,0,0,0,0
30309,1,-8,0,0,0,0,0
12245,1,-8,0,0,0,0,0
23175,1,-8,0,0,0,0,0
23730,1,-8,0,0,0,0,0
24811,1,-8,0,0,0,0,0
11665,1,-8,0,0,0,0,0
19144,1,-8,0,0,0,0,0
23355,1,-8,0,0,0,0,0
28208,1,-8,0,0,0,0,0
28644,1,-8,0,0,0,0,0
20163,1,-8,0,0,0,0,0
7565,1,-8,0,0,0,0,0
32089,1,-8,0,0,0,0,0
23543,1,-8,0,0,0,0,0
1417,1,-8,0,0,0,0,0
22493,1,-8,0,0,0,0,0
25203,1,-8,0,0,0,0,0
27784,1,-8,0,0,0,0,0
1661,1,-8,0,0,0,0,0
13304,1,-8,0,0,0,0,0
20779,1,-8,0,0,0,0,0
7343,1,-8,0,0,0,0,0
10642,1,-8,0,0,0,0,0
810,1,-8,0,0,0,0,0
24266,1,-8,0,0,0,0,0
6714,1,-8,0,0,0,0,0
2418,1,-8,0,0,0,0,0
7945,1,-8,0,0,0,0,0
28356,1,-8,0,0,0,0,0
7775,1,-8,0,0,0,0,0
22522,1,-8,0,0,0,0,0
11212,1,-8,0,0,0,0,0
24461,1,-8,0,0,0,0,0
19561,1,-8,0,0,0,0,0
5087,1,-8,0,0,0,0,0
17014,1,-8,0,0,0,0,0
26481,1,-8,0,0,0,0,0
23956,1,-8,0,0,0,0,0
5367,1,-8,0,0,0,0,0
13715,1,-8,0,0,0,0,0
24874,1,-8,0,0,0,0,0
22438,1,-8,0,0,0,0,0
889,1,-8,0,0,0,0,0
9630,1,-8,0,0,0,0,0
23247,1,-8,0,0,0,0,0
23488,1,-8,0,0,0,0,0
17759,1,-8,0,0,0,0,0
10373,1,-8,0,0,0,0,0
9366,1,-8,0,0,0,0,0
19691,1,-8,0,0,0,0,0
5043,1,-8,0,0,0,0,0
2192,1,-8,0,0,0,0,0
30367,1,-8,0,0,0,0,0
29878,1,-8,0,0,0,0,0
7609,1,-8,0,0,0,0,0
18184,1,-8,0,0,0,0,0
3546,1,-8,0,0,0,0,0
17267,1,-8,0,0,0,0,0
3422,1,-8,0,0,0,0,0
16428,1,-8,0,0,0,0,0
23756,1,-8,0,0,0,0,0
19080,1,-8,0,0,0,0,0
22980,1,-8,0,0,0,0,0
31073,1,-8,0,0,0,0,0
26546,1,-8,0,0,0,0,0
6783,1,-8,0,0,0,0,0
1323,1,-8,0,0,0,0,0
31771,1,-8,0,0,0,0,0
19482,1,-8,0,0,0,0,0
9576,1,-8,0,0,0,0,0
5800,1,-8,0,0,0,0,0
32285,1,-8,0,0,0,0,0
13996,1,-8,0,0,0,0,0
22303,1,-8,0,0,0,0,0
7774,1,-8,0,0,0,0,0
21332,1,-8,0,0,0,0,0
16818,1,-8,0,0,0,0,0
25850,1,-8,0,0,0,0,0
22572,1,-8,0,0,0,0,0
16599,1,-8,0,0,0,0,0
19628,1,-8,0,0,0,0,0
1297,1,-8,0,0,0,0,0
21130,1,-8,0,0,0,0,0
22580,1,-8,0,0,0,0,0
6892,1,-8,0,0,0,0,0
22526,1,-8,0,0,0,0,0
11804,1,-8,0,0,0,0,0
16738,1,-8,0,0,0,0,0
10485,1,-8,0,0,0,0,0
28130,1,-8,0,0,0,0,0
18735,1,-8,0,0,0,0,0
7710,1,-8,0,0,0,0,0
14176,1,-8,0,0,0,0,0
31119,1,-8,0,0,0,0,0
895,1,-8,0,0,0,0,0
24615,1,-8,0,0,0,0,0
31517,1,-8,0,0,0,0,0
14544,1,-8,0,0,0,0,0
25913,1,-8,0,0,0,0,0
3798,1,-8,0,0,0,0,0
6534,1,-8,0,0,0,0,0
10720,1,-8,0,0,0,0,0
12341,1,-8,0,0,0,0,0
7920,1,-8,0,0,0,0,0
5205,1,-8,0,0,0,0,0
1408,1,-8,0,0,0,0,0
5692,1,-8,0,0,0,0,0
29521,1,-8,0,0,0,0,0
20977,1,-8,0,0,0,0,0
231,1,-8,0,0,0,0,0
31118,1,-8,0,0,0,0,0
9321,1,-8,0,0,0,0,0
7740,1,-8,0,0,0,0,0
25045,1,-8,0,0,0,0,0
3471,1,-8,0,0,0,0,0
17833,1,-8,0,0,0,0,0
31002,1,-8,0,0,0,0,0
621,1,-8,0,0,0,0,0
24524,1,-8,0,0,0,0,0
4799,1,-8,0,0,0,0,0
8529,1,-8,0,0,0,0,0
13325,1,-8,0,0,0,0,0
27708,1,-8,0,0,0,0,0
27407,1,-8,0,0,0,0,0
9549,1,-8,0,0,0,0,0
19415,1,-8,0,0,0,0,0
8753,1,-8,0,0,0,0,0
25467,1,-8,0,0,0,0,0
14460,1,-8,0,0,0,0,0
906,1,-8,0,0,0,0,0
28265,1,-8,0,0,0,0,0
6276,1,-8,0,0,0,0,0
786,1,-8,0,0,0,0,0
19792,1,-8,0,0,0,0,0
31141,1,-8,0,0,0,0,0
23898,1,-8,0,0,0,0,0
18310,1,-8,0,0,0,0,0
262,1,-8,0,0,0,0,0
11929,1,-8,0,0,0,0,0
18740,1,-8,0,0,0,0,0
32430,1,-8,0,0,0,0,0
17083,1,-8,0,0,0,0,0
6377,1,-8,0,0,0,0,0
9423,1,-8,0,0,0,0,0
32476,1,-8,0,0,0,0,0
8188,1,-8,0,0,0,0,0
2546,1,-8,0,0,0,0,0
12378,1,-8,0,0,0,0,0
27427,1,-8,0,0,0,0,0
10303,1,-8,0,0,0,0,0
27315,1,-8,0,0,0,0,0
8080,1,-8,0,0,0,0,0
8817,1,-8,0,0,0,0,0
18108,1,-8,0,0,0,0,0
18277,1,-8,0,0,0,0,0
21570,1,-8,0,0,0,0,0
29290,1,-8,0,0,0,0,0
9302,1,-8,0,0,0,0,0
26218,1,-8,0,0,0,0,0
26618,1,-8,0,0,0,0,0
20441,1,-8,0,0,0,0,0
18498,1,-8,0,0,0,0,0
15951,1,-8,0,0,0,0,0
8323,1,-8,0,0,0,0,0
25560,1,-8,0,0,0,0,0
12558,1,-8,0,0,0,0,0
8598,1,-8,0,0,0,0,0
1681,1,-8,0,0,0,0,0
14111,1,-8,0,0,0,0,0
20838,1,-8,0,0,0,0,0
22388,1,-8,0,0,0,0,0
19629,1,-8,0,0,0,0,0
4297,1,-8,0,0,0,0,0
27725,1,-8,0,0,0,0,0
21933,1,-8,0,0,0,0,0
15764,1,-8,0,0,0,0,0
32073,1,-8,0,0,0,0,0
24709,1,-8,0,0,0,0,0
26585,1,-8,0,0,0,0,0
22243,1,-8,0,0,0,0,0
20043,1,-8,0,0,0,0,0
23964,1,-8,0,0,0,0,0
3023,1,-8,0,0,0,0,0
9813,1,-8,0,0,0,0,0
25680,1,-8,0,0,0,0,0
15577,1,-8,0,0,0,0,0
3998,1,-8,0,0,0,0,0
20050,1,-8,0,0,0,0,0
6252,1,-8,0,0,0,0,0
14405,1,-8,0,0,0,0,0
1960,1,-8,0,0,0,0,0
27139,1,-8,0,0,0,0,0
16341,1,-8,0,0,0,0,0
27924,1,-8,0,0,0,0,0
12799,1,-8,0,0,0,0,0
14547,1,-8,0,0,0,0,0
1364,1,-8,0,0,0,0,0
19283,1,-8,0,0,0,0,0
23823,1,-8,0,0,0,0,0
25519,1,-8,0,0,0,0,0
26408,1,-8,0,0,0,0,0
11488,1,-8,0,0,0,0,0
16641,1,-8,0,0,0,0,0
22901,1,-8,0,0,0,0,0
16995,1,-8,0,0,0,0,0
24095,1,-8,0,0,0,0,0
6958,1,-8,0,0,0,0,0
26340,1,-8,0,0,0,0,0
18988,1,-8,0,0,0,0,0
18080,1,-8,0,0,0,0,0
7160,1,-8,0,0,0,0,0
11151,1,-8,0,0,0,0,0
21788,1,-8,0,0,0,0,0
30149,1,-8,0,0,0,0,0
16764,1,-8,0,0,0,0,0
3925,1,-8,0,0,0,0,0
2769,1,-8,0,0,0,0,0
18572,1,-8,0,0,0,0,0
25940,1,-8,0,0,0,0,0
2416,1,-8,0,0,0,0,0
24764,1,-8,0,0,0,0,0
25739,1,-8,0,0,0,0,0
28964,1,-8,0,0,0,0,0
17685,1,-8,0,0,0,0,0
11225,1,-8,0,0,0,0,0
1827,1,-8,0,0,0,0,0
27181,1,-8,0,0,0,0,0
4976,1,-8,0,0,0,0,0
2120,1,-8,0,0,0,0,0
7489,1,-8,0,0,0,0,0
20673,1,-8,0,0,0,0,0
9238,1,-8,0,0,0,0,0
31842,1,-8,0,0,0,0,0
20007,1,-8,0,0,0,0,0
8641,1,-8,0,0,0,0,0
2011,1,-8,0,0,0,0,0
22111,1,-8,0,0,0,0,0
10146,1,-8,0,0,0,0,0
21775,1,-8,0,0,0,0,0
12208,1,-8,0,0,0,0,0
25072,1,-8,0,0,0,0,0
32040,1,-8,0,0,0,0,0
12972,1,-8,0,0,0,0,0
2510,1,-8,0,0,0,0,0
26350,1,-8,0,0,0,0,0
6710,1,-8,0,0,0,0,0
17751,1,-8,0,0,0,0,0
29775,1,-8,0,0,0,0,0
11582,1,-8,0,0,0,0,0
30508,1,-8,0,0,0,0,0
31631,1,-8,0,0,0,0,0
29661,1,-8,0,0,0,0,0
32299,1,-8,0,0,0,0,0
10942,1,-8,0,0,0,0,0
2829,1,-8,0,0,0,0,0
3866,1,-8,0,0,0,0,0
8507,1,-8,0,0,0,0,0
6416,1,-8,0,0,0,0,0
29504,1,-8,0,0,0,0,0
19449,1,-8,0,0,0,0,0
23790,1,-8,0,0,0,0,0
26842,1,-8,0,0,0,0,0
2899,1,-8,0,0,0,0,0
6636,1,-8,0,0,0,0,0
20629,1,-8,0,0,0,0,0
23912,1,-8,0,0,0,0,0
11519,1,-8,0,0,0,0,0
28693,1,-8,0,0,0,0,0
9198,1,-8,0,0,0,0,0
26803,1,-8,0,0,0,0,0
23629,1,-8,0,0,0,0,0
3516,1,-8,0,0,0,0,0
27424,1,-8,0,0,0,0,0
15987,1,-8,0,0,0,0,0
21804,1,-8,0,0,0,0,0
18896,1,-8,0,0,0,0,0
23176,1,-8,0,0,0,0,0
26744,1,-8,0,0,0,0,0
31619,1,-8,0,0,0,0,0
23748,1,-8,0,0,0,0,0
12557,1,-8,0,0,0,0,0
2790,1,-8,0,0,0,0,0
26094,1,-8,0,0,0,0,0
3230,1,-8,0,0,0,0,0
18587,1,-8,0,0,0,0,0
20953,1,-8,0,0,0,0,0
29513,1,-8,0,0,0,0,0
16100,1,-8,0,0,0,0,0
4439,1,-8,0,0,0,0,0
30613,1,-8,0,0,0,0,0
7235,1,-8,0,0,0,0,0
22035,1,-8,0,0,0,0,0
22167,1,-8,0,0,0,0,0
308,1,-8,0,0,0,0,0
15444,1,-8,0,0,0,0,0
23322,1,-8,0,0,0,0,0
31442,1,-8,0,0,0,0,0
30863,1,-8,0,0,0,0,0
7678,1,-8,0,0,0,0,0
7272,1,-8,0,0,0,0,0
10381,1,-8,0,0,0,0,0
30945,1,-8,0,0,0,0,0
13656,1,-8,0,0,0,0,0
6800,1,-8,0,0,0,0,0
13476,1,-8,0,0,0,0,0
23334,1,-8,0,0,0,0,0
6320,1,-8,0,0,0,0,0
18653,1,-8,0,0,0,0,0
25372,1,-8,0,0,0,0,0
3526,1,-8,0,0,0,0,0
10050,1,-8,0,0,0,0,0
18226,1,-8,0,0,0,0,0
30802,1,-8,0,0,0,0,0
7028,1,-8,0,0,0,0,0
32665,1,-8,0,0,0,0,0
14027,1,-8,0,0,0,0,0
21283,1,-8,0,0,0,0,0
8019,1,-8,0,0,0,0,0
16819,1,-8,0,0,0,0,0
6067,1,-8,0,0,0,0,0
29656,1,-8,0,0,0,0,0
30920,1,-8,0,0,0,0,0
5993,1,-8,0,0,0,0,0
18008,1,-8,0,0,0,0,0
15326,1,-8,0,0,0,0,0
24891,2,0,0,0,0,0,0
848,2,0,0,0,0,0,0
26862,2,0,0,0,0,0,0
13615,2,0,0,0,0,0,0
2304,2,0,0,0,0,0,0
13482,2,0,0,0,0,0,0
25159,2,0,0,0,0,0,0
17911,2,0,0,0,0,0,0
9456,2,0,0,0,0,0,0
14756,2,0,0,0,0,0,0
21994,2,0,0,0,0,0,0
13037,2,0,0,0,0,0,0
13961,2,0,0,0,0,0,0
19280,2,0,0,0,0,0,0
5874,2,0,0,0,0,0,0
13314,2,0,0,0,0,0,0
21273,2,0,0,0,0,0,0
2704,2,0,0,0,0,0,0
2711,2,0,0,0,0,0,0
20229,2,0,0,0,0,0,0
12747,2,0,0,0,0,0,0
25361,2,0,0,0,0,0,0
30188,2,0,0,0,0,0,0
3731,2,0,0,0,0,0,0
7592,2,0,0,0,0,0,0
28205,2,0,0,0,0,0,0
3902,2,0,0,0,0,0,0
20064,2,0,0,0,0,0,0
19430,2,0,0,0,0,0,0
29169,2,0,0,0,0,0,0
7168,2,0,0,0,0,0,0
19326,2,0,0,0,0,0,0
9317,2,0,0,0,0,0,0
30201,2,0,0,0,0,0,0
15515,2,0,0,0,0,0,0
12235,2,0,0,0,0,0,0
31662,2,0,0,0,0,0,0
4026,2,0,0,0,0,0,0
21193,2,0,0,0,0,0,0
14466,2,0,0,0,0,0,0
220,2,0,0,0,0,0,0
30681,2,0,0,0,0,0,0
27693,2,0,0,0,0,0,0
21250,2,0,0,0,0,0,0
17350,2,0,0,0,0,0,0
8035,2,0,0,0,0,0,0
18677,2,0,0,0,0,0,0
26015,2,0,0,0,0,0,0
1756,2,0,0,0,0,0,0
21484,2,0,0,0,0,0,0
7863,2,0,0,0,0,0,0
11960,2,0,0,0,0,0,0
12336,2,0,0,0,0,0,0
26811,2,0,0,0,0,0,0
9408,2,0,0,0,0,0,0
22207,2,0,0,0,0,0,0
8906,2,0,0,0,0,0,0
17791,2,0,0,0,0,0,0
25586,2,0,0,0,0,0,0
4852,2,0,0,0,0,0,0
20587,2,0,0,0,0,0,0
30484,2,0,0,0,0,0,0
11583,2,0,0,0,0,0,0
20168,2,0,0,0,0,0,0
13366,2,0,0,0,0,0,0
30704,2,0,0,0,0,0,0
10360,2,0,0,0,0,0,0
3672,2,0,0,0,0,0,0
27938,2,0,0,0,0,0,0
14457,2,0,0,0,0,0,0
29998,2,0,0,0,0,0,0
10188,2,0,0,0,0,0,0
9639,2,0,0,0,0,0,0
19649,2,0,0,0,0,0,0
18416,2,0,0,0,0,0,0
32052,2,0,0,0,0,0,0
15003,2,0,0,0,0,0,0
3702,2,0,0,0,0,0,0
22413,2,0,0,0,0,0,0
24070,2,0,0,0,0,0,0
23170,2,0,0,0,0,0,0
17786,2,0,0,0,0,0,0
25076,2,0,0,0,0,0,0
6766,2,0,0,0,0,0,0
25069,2,0,0,0,0,0,0
25197,2,0,0,0,0,0,0
1423,2,0,0,0,0,0,0
7090,2,0,0,0,0,0,0
13081,2,0,0,0,0,0,0
17448,2,0,0,0,0,0,0
13853,2,0,0,0,0,0,0
7960,2,0,0,0,0,0,0
1953,2,0,0,0,0,0,0
18822,2,0,0,0,0,0,0
4433,2,0,0,0,0,0,0
17198,2,0,0,0,0,0,0
30597,2,0,0,0,0,0,0
17680,2,0,0,0,0,0,0
4344,2,0,0,0,0,0,0
4940,2,0,0,0,0,0,0
17899,2,0,0,0,0,0,0
14798,2,0,0,0,0,0,0
13705,2,0,0,0,0,0,0
15802,2,0,0,0,0,0,0
24312,2,0,0,0,0,0,0
21853,2,0,0,0,0,0,0
7652,2,0,0,0,0,0,0
11098,2,0,0,0,0,0,0
7522,2,0,0,0,0,0,0
1715,2,0,0,0,0,0,0
21436,2,0,0,0,0,0,0
28621,2,0,0,0,0,0,0
1841,2,0,0,0,0,0,0
8442,2,0,0,0,0,0,0
6973,2,0,0,0,0,0,0
26107,2,0,0,0,0,0,0
4370,2,0,0,0,0,0,0
25716,2,0,0,0,0,0,0
1622,2,0,0,0,0,0,0
17322,2,0,0,0,0,0,0
32418,2,0,0,0,0,0,0
7925,2,0,0,0,0,0,0
2308,2,0,0,0,0,0,0
12583,2,0,0,0,0,0,0
24284,2,0,0,0,0,0,0
9389,2,0,0,0,0,0,0
17673,2,0,0,0,0,0,0
8183,2,0,0,0,0,0,0
285,2,0,0,0,0,0,0
10054,2,0,0,0,0,0,0
28772,2,0,0,0,0,0,0
5207,2,0,0,0,0,0,0
6797,2,0,0,0,0,0,0
21550,2,0,0,0,0,0,0
18963,2,0,0,0,0,0,0
26565,2,0,0,0,0,0,0
13751,2,0,0,0,0,0,0
28974,2,0,0,0,0,0,0
10817,2,0,0,0,0,0,0
11003,2,0,0,0,0,0,0
6526,2,0,0,0,0,0,0
20982,2,0,0,0,0,0,0
16313,2,0,0,0,0,0,0
32247,2,0,0,0,0,0,0
15496,2,0,0,0,0,0,0
31868,2,0,0,0,0,0,0
9737,2,0,0,0,0,0,0
25299,2,0,0,0,0,0,0
16537,2,0,0,0,0,0,0
32331,2,0,0,0,0,0,0
14022,2,0,0,0,0,0,0
1637,2,0,0,0,0,0,0
11983,2,0,0,0,0,0,0
17684,2,0,0,0,0,0,0
13957,2,0,0,0,0,0,0
4997,2,0,0,0,0,0,0
27643,2,0,0,0,0,0,0
25408,2,0,0,0,0,0,0
7606,2,0,0,0,0,0,0
16687,2,0,0,0,0,0,0
13681,2,0,0,0,0,0,0
11562,2,0,0,0,0,0,0
31883,2,0,0,0,0,0,0
2268,2,0,0,0,0,0,0
291,2,0,0,0,0,0,0
24711,2,0,0,0,0,0,0
26038,2,0,0,0,0,0,0
23689,2,0,0,0,0,0,0
30284,2,0,0,0,0,0,0
22351,2,0,0,0,0,0,0
25390,2,0,0,0,0,0,0
2780,2,0,0,0,0,0,0
14475,2,0,0,0,0,0,0
29566,2,0,0,0,0,0,0
20773,2,0,0,0,0,0,0
19939,2,0,0,0,0,0,0
15107,2,0,0,0,0,0,0
32411,2,0,0,0,0,0,0
429,2,0,0,0,0,0,0
10596,2,0,0,0,0,0,0
14582,2,0,0,0,0,0,0
11123,2,0,0,0,0,0,0
3304,2,0,0,0,0,0,0
18021,2,0,0,0,0,0,0
13273,2,0,0,0,0,0,0
10447,2,0,0,0,0,0,0
21009,2,0,0,0,0,0,0
30632,2,0,0,0,0,0,0
20527,2,0,0,0,0,0,0
6768,2,0,0,0,0,0,0
20013,2,0,0,0,0,0,0
25015,2,0,0,0,0,0,0
9093,2,0,0,0,0,0,0
20098,2,0,0,0,0,0,0
4655,2,0,0,0,0,0,0
29855,2,0,0,0,0,0,0
22435,2,0,0,0,0,0,0
12056,2,0,0,0,0,0,0
29868,2,0,0,0,0,0,0
11772,2,0,0,0,0,0,0
22768,2,0,0,0,0,0,0
19780,2,0,0,0,0,0,0
1946,2,0,0,0,0,0,0
3971,2,0,0,0,0,0,0
30773,2,0,0,0,0,0,0
1315,2,0,0,0,0,0,0
21868,2,0,0,0,0,0,0
3737,2,0,0,0,0,0,0
3404,2,0,0,0,0,0,0
18329,2,0,0,0,0,0,0
12243,2,0,0,0,0,0,0
12467,2,0,0,0,0,0,0
24559,2,0,0,0,0,0,0
23107,2,0,0,0,0,0,0
21580,2,0,0,0,0,0,0
18939,2,0,0,0,0,0,0
2070,2,0,0,0,0,0,0
3291,2,0,0,0,0,0,0
12039,2,0,0,0,0,0,0
6006,2,0,0,0,0,0,0
4070,2,0,0,0,0,0,0
31260,2,0,0,0,0,0,0
16601,2,0,0,0,0,0,0
9308,2,0,0,0,0,0,0
15936,2,0,0,0,0,0,0
22219,2,0,0,0,0,0,0
22680,2,0,0,0,0,0,0
7958,2,0,0,0,0,0,0
3580,2,0,0,0,0,0,0
7161,2,0,0,0,0,0,0
15843,2,0,0,0,0,0,0
4037,2,0,0,0,0,0,0
28561,2,0,0,0,0,0,0
12630,2,0,0,0,0,0,0
32579,2,0,0,0,0,0,0
23768,2,0,0,0,0,0,0
16317,2,0,0,0,0,0,0
22605,2,0,0,0,0,0,0
21675,2,0,0,0,0,0,0
19938,2,0,0,0,0,0,0
5489,2,0,0,0,0,0,0
8603,2,0,0,0,0,0,0
16346,2,0,0,0,0,0,0
23178,2,0,0,0,0,0,0
26758,2,0,0,0,0,0,0
20070,2,0,0,0,0,0,0
12264,2,0,0,0,0,0,0
3800,2,0,0,0,0,0,0
32519,2,0,0,0,0,0,0
30736,2,0,0,0,0,0,0
20346,2,0,0,0,0,0,0
32624,2,0,0,0,0,0,0
4872,2,0,0,0,0,0,0
23253,2,0,0,0,0,0,0
16583,2,0,0,0,0,0,0
28454,2,0,0,0,0,0,0
31848,2,0,0,0,0,0,0
3797,2,0,0,0,0,0,0
19228,2,0,0,0,0,0,0
20069,2,0,0,0,0,0,0
15953,2,0,0,0,0,0,0
32370,2,0,0,0,0,0,0
29189,2,0,0,0,0,0,0
423,2,0,0,0,0,0,0
19624,2,0,0,0,0,0,0
10943,2,0,0,0,0,0,0
23179,2,0,0,0,0,0,0
5032,2,0,0,0,0,0,0
6029,2,0,0,0,0,0,0
26757,2,0,0,0,0,0,0
4296,2,0,0,0,0,0,0
18761,2,0,0,0,0,0,0
3328,2,0,0,0,0,0,0
4047,2,0,0,0,0,0,0
8157,2,0,0,0,0,0,0
4191,2,0,0,0,0,0,0
13649,2,0,0,0,0,0,0
20101,2,0,0,0,0,0,0
7695,2,0,0,0,0,0,0
9765,2,0,0,0,0,0,0
14072,2,0,0,0,0,0,0
289,2,0,0,0,0,0,0
22113,2,0,0,0,0,0,0
23167,2,0,0,0,0,0,0
13270,2,0,0,0,0,0,0
8947,2,0,0,0,0,0,0
5857,2,0,0,0,0,0,0
7119,2,0,0,0,0,0,0
15614,2,0,0,0,0,0,0
20037,2,0,0,0,0,0,0
22818,2,0,0,0,0,0,0
8257,2,0,0,0,0,0,0
19141,2,0,0,0,0,0,0
8624,2,0,0,0,0,0,0
3638,2,0,0,0,0,0,0
7129,2,0,0,0,0,0,0
698,2,0,0,0,0,0,0
32067,2,0,0,0,0,0,0
7464,2,0,0,0,0,0,0
29671,2,0,0,0,0,0,0
32185,2,0,0,0,0,0,0
15392,2,0,0,0,0,0,0
29692,2,0,0,0,0,0,0
2504,2,0,0,0,0,0,0
15839,2,0,0,0,0,0,0
17387,2,0,0,0,0,0,0
31035,2,0,0,0,0,0,0
1094,2,0,0,0,0,0,0
30076,2,0,0,0,0,0,0
2509,2,0,0,0,0,0,0
28878,2,0,0,0,0,0,0
28539,2,0,0,0,0,0,0
14385,2,0,0,0,0,0,0
28549,2,0,0,0,0,0,0
27337,2,0,0,0,0,0,0
23739,2,0,0,0,0,0,0
21032,2,0,0,0,0,0,0
24053,2,0,0,0,0,0,0
73,2,0,0,0,0,0,0
17286,2,0,0,0,0,0,0
16339,2,0,0,0,0,0,0
32237,2,0,0,0,0,0,0
15097,2,0,0,0,0,0,0
4696,2,0,0,0,0,0,0
19274,2,0,0,0,0,0,0
15683,2,0,0,0,0,0,0
26527,2,0,0,0,0,0,0
13761,2,0,0,0,0,0,0
22424,2,0,0,0,0,0,0
9196,2,0,0,0,0,0,0
8995,2,0,0,0,0,0,0
20415,2,0,0,0,0,0,0
14565,2,0,0,0,0,0,0
23805,2,0,0,0,0,0,0
5647,2,0,0,0,0,0,0
25334,2,0,0,0,0,0,0
11794,2,0,0,0,0,0,0
7894,2,0,0,0,0,0,0
8895,2,0,0,0,0,0,0
19857,2,0,0,0,0,0,0
29934,2,0,0,0,0,0,0
14575,2,0,0,0,0,0,0
14456,2,0,0,0,0,0,0
18436,2,0,0,0,0,0,0
21064,2,0,0,0,0,0,0
17542,2,0,0,0,0,0,0
19639,2,0,0,0,0,0,0
14266,2,0,0,0,0,0,0
14856,2,0,0,0,0,0,0
9522,2,0,0,0,0,0,0
12634,2,0,0,0,0,0,0
19841,2,0,0,0,0,0,0
27563,2,0,0,0,0,0,0
26091,2,0,0,0,0,0,0
19581,2,0,0,0,0,0,0
20214,2,0,0,0,0,0,0
29749,2,0,0,0,0,0,0
14581,2,0,0,0,0,0,0
32703,2,0,0,0,0,0,0
26772,2,0,0,0,0,0,0
10608,2,0,0,0,0,0,0
19350,2,0,0,0,0,0,0
20980,2,0,0,0,0,0,0
16331,2,0,0,0,0,0,0
22132,2,0,0,0,0,0,0
11476,2,0,0,0,0,0,0
864,2,0,0,0,0,0,0
6762,2,0,0,0,0,0,0
32159,2,0,0,0,0,0,0
18047,2,0,0,0,0,0,0
15940,2,0,0,0,0,0,0
22742,2,0,0,0,0,0,0
15979,2,0,0,0,0,0,0
27413,2,0,0,0,0,0,0
3747,2,0,0,0,0,0,0
10850,2,0,0,0,0,0,0
20911,2,0,0,0,0,0,0
22930,2,0,0,0,0,0,0
7200,2,0,0,0,0,0,0
25007,2,0,0,0,0,0,0
21536,2,0,0,0,0,0,0
20031,2,0,0,0,0,0,0
8772,2,0,0,0,0,0,0
15456,2,0,0,0,0,0,0
13955,2,0,0,0,0,0,0
30368,2,0,0,0,0,0,0
3153,2,0,0,0,0,0,0
7715,2,0,0,0,0,0,0
2139,2,0,0,0,0,0,0
25501,2,0,0,0,0,0,0
31462,2,0,0,0,0,0,0
4584,2,0,0,0,0,0,0
24999,2,0,0,0,0,0,0
724,2,0,0,0,0,0,0
29539,2,0,0,0,0,0,0
28523,2,0,0,0,0,0,0
13668,2,0,0,0,0,0,0
28249,2,0,0,0,0,0,0
28614,2,0,0,0,0,0,0
18644,2,0,0,0,0,0,0
23058,2,0,0,0,0,0,0
5241,2,0,0,0,0,0,0
29135,2,0,0,0,0,0,0
30187,2,0,0,0,0,0,0
25536,2,0,0,0,0,0,0
23934,2,0,0,0,0,0,0
475,2,0,0,0,0,0,0
30846,2,0,0,0,0,0,0
26154,2,0,0,0,0,0,0
10888,2,0,0,0,0,0,0
29399,2,0,0,0,0,0,0
3125,2,0,0,0,0,0,0
17805,2,0,0,0,0,0,0
4321,2,0,0,0,0,0,0
26042,2,0,0,0,0,0,0
18526,2,0,0,0,0,0,0
1002,2,0,0,0,0,0,0
6466,2,0,0,0,0,0,0
11229,2,0,0,0,0,0,0
3577,2,0,0,0,0,0,0
11244,2,0,0,0,0,0,0
2708,2,0,0,0,0,0,0
13033,2,0,0,0,0,0,0
18554,2,0,0,0,0,0,0
14680,2,0,0,0,0,0,0
9853,2,0,0,0,0,0,0
15347,2,0,0,0,0,0,0
4747,2,0,0,0,0,0,0
28776,2,0,0,0,0,0,0
9922,2,0,0,0,0,0,0
14054,2,0,0,0,0,0,0
16511,2,0,0,0,0,0,0
15490,2,0,0,0,0,0,0
23458,2,0,0,0,0,0,0
29017,2,0,0,0,0,0,0
479,2,0,0,0,0,0,0
486,2,0,0,0,0,0,0
11052,2,0,0,0,0,0,0
16025,2,0,0,0,0,0,0
3209,2,0,0,0,0,0,0
3011,2,0,0,0,0,0,0
24545,2,0,0,0,0,0,0
8120,2,0,0,0,0,0,0
14334,2,0,0,0,0,0,0
2028,2,0,0,0,0,0,0
23950,2,0,0,0,0,0,0
15983,2,0,0,0,0,0,0
3539,2,0,0,0,0,0,0
27671,2,0,0,0,0,0,0
30464,2,0,0,0,0,0,0
21103,2,0,0,0,0,0,0
17884,2,0,0,0,0,0,0
14863,2,0,0,0,0,0,0
14330,2,0,0,0,0,0,0
1249,2,0,0,0,0,0,0
28684,2,0,0,0,0,0,0
8676,2,0,0,0,0,0,0
1929,2,0,0,0,0,0,0
14186,2,0,0,0,0,0,0
20782,2,0,0,0,0,0,0
10955,2,0,0,0,0,0,0
31215,2,0,0,0,0,0,0
9132,2,0,0,0,0,0,0
13746,2,0,0,0,0,0,0
3630,2,0,0,0,0,0,0
1952,2,0,0,0,0,0,0
10601,2,0,0,0,0,0,0
4817,2,0,0,0,0,0,0
3019,2,0,0,0,0,0,0
11729,2,0,0,0,0,0,0
9183,2,0,0,0,0,0,0
25222,2,0,0,0,0,0,0
32303,2,0,0,0,0,0,0
1457,2,0,0,0,0,0,0
32461,2,0,0,0,0,0,0
31991,2,0,0,0,0,0,0
14441,2,0,0,0,0,0,0
20222,2,0,0,0,0,0,0
2284,2,0,0,0,0,0,0
12670,2,0,0,0,0,0,0
23843,2,0,0,0,0,0,0
22677,2,0,0,0,0,0,0
11246,2,0,0,0,0,0,0
11868,2,0,0,0,0,0,0
8011,2,0,0,0,0,0,0
1850,2,0,0,0,0,0,0
28418,2,0,0,0,0,0,0
3090,2,0,0,0,0,0,0
11584,2,0,0,0,0,0,0
14493,2,0,0,0,0,0,0
22938,2,0,0,0,0,0,0
13062,2,0,0,0,0,0,0
13617,2,0,0,0,0,0,0
9754,2,0,0,0,0,0,0
30304,2,0,0,0,0,0,0
31443,2,0,0,0,0,0,0
3222,2,0,0,0,0,0,0
27523,2,0,0,0,0,0,0
10603,2,0,0,0,0,0,0
29505,2,0,0,0,0,0,0
12325,2,0,0,0,0,0,0
320,2,0,0,0,0,0,0
347,2,0,0,0,0,0,0
15514,2,0,0,0,0,0,0
32105,2,0,0,0,0,0,0
26826,2,0,0,0,0,0,0
8768,2,0,0,0,0,0,0
15022,2,0,0,0,0,0,0
16817,2,0,0,0,0,0,0
12263,2,0,0,0,0,0,0
14447,2,0,0,0,0,0,0
16425,2,0,0,0,0,0,0
23248,2,0,0,0,0,0,0
30290,2,0,0,0,0,0,0
24335,2,0,0,0,0,0,0
9712,2,0,0,0,0,0,0
29385,2,0,0,0,0,0,0
31569,2,0,0,0,0,0,0
10563,2,0,0,0,0,0,0
25259,2,0,0,0,0,0,0
12286,2,0,0,0,0,0,0
13368,2,0,0,0,0,0,0
10497,2,0,0,0,0,0,0
19370,2,0,0,0,0,0,0
26743,2,0,0,0,0,0,0
13031,2,0,0,0,0,0,0
4543,2,0,0,0,0,0,0
28349,2,0,0,0,0,0,0
31861,2,0,0,0,0,0,0
12593,2,0,0,0,0,0,0
31115,2,0,0,0,0,0,0
29219,2,0,0,0,0,0,0
13774,2,0,0,0,0,0,0
2988,2,0,0,0,0,0,0
9081,2,0,0,0,0,0,0
20617,2,0,0,0,0,0,0
12254,2,0,0,0,0,0,0
11715,2,0,0,0,0,0,0
24459,2,0,0,0,0,0,0
11438,2,0,0,0,0,0,0
27988,2,0,0,0,0,0,0
29646,2,0,0,0,0,0,0
19440,2,0,0,0,0,0,0
31271,2,0,0,0,0,0,0
14374,2,0,0,0,0,0,0
20603,2,0,0,0,0,0,0
22715,2,0,0,0,0,0,0
627,2,0,0,0,0,0,0
1794,2,0,0,0,0,0,0
23211,2,0,0,0,0,0,0
26379,2,0,0,0,0,0,0
30013,2,0,0,0,0,0,0
12676,2,0,0,0,0,0,0
21682,2,0,0,0,0,0,0
26869,2,0,0,0,0,0,0
27146,2,0,0,0,0,0,0
30505,2,0,0,0,0,0,0
4148,2,0,0,0,0,0,0
4961,2,0,0,0,0,0,0
28947,2,0,0,0,0,0,0
27944,2,0,0,0,0,0,0
30064,2,0,0,0,0,0,0
22229,2,0,0,0,0,0,0
19412,2,0,0,0,0,0,0
6859,2,0,0,0,0,0,0
658,2,0,0,0,0,0,0
2765,2,0,0,0,0,0,0
29310,2,0,0,0,0,0,0
30869,2,0,0,0,0,0,0
21779,2,0,0,0,0,0,0
24804,2,0,0,0,0,0,0
13654,2,0,0,0,0,0,0
20532,2,0,0,0,0,0,0
14560,2,0,0,0,0,0,0
15485,2,0,0,0,0,0,0
5650,2,0,0,0,0,0,0
3931,2,0,0,0,0,0,0
12320,2,0,0,0,0,0,0
9756,2,0,0,0,0,0,0
18925,2,0,0,0,0,0,0
12777,2,0,0,0,0,0,0
25923,2,0,0,0,0,0,0
16637,2,0,0,0,0,0,0
32414,2,0,0,0,0,0,0
23271,2,0,0,0,0,0,0
14243,2,0,0,0,0,0,0
176,2,0,0,0,0,0,0
4857,2,0,0,0,0,0,0
11750,2,0,0,0,0,0,0
14753,2,0,0,0,0,0,0
8550,2,0,0,0,0,0,0
11457,2,0,0,0,0,0,0
20014,2,0,0,0,0,0,0
18951,2,0,0,0,0,0,0
27843,2,0,0,0,0,0,0
4954,2,0,0,0,0,0,0
8912,2,0,0,0,0,0,0
10310,2,0,0,0,0,0,0
9734,2,0,0,0,0,0,0
6801,2,0,0,0,0,0,0
13678,2,0,0,0,0,0,0
16832,2,0,0,0,0,0,0
27106,2,0,0,0,0,0,0
30043,2,0,0,0,0,0,0
3718,2,0,0,0,0,0,0
4740,2,0,0,0,0,0,0
26886,2,0,0,0,0,0,0
13237,2,0,0,0,0,0,0
29891,2,0,0,0,0,0,0
1498,2,0,0,0,0,0,0
2454,2,0,0,0,0,0,0
18359,2,0,0,0,0,0,0
14792,2,0,0,0,0,0,0
13215,2,0,0,0,0,0,0
24046,2,0,0,0,0,0,0
6081,2,0,0,0,0,0,0
30081,2,0,0,0,0,0,0
10869,2,0,0,0,0,0,0
15703,2,0,0,0,0,0,0
9634,2,0,0,0,0,0,0
10892,2,0,0,0,0,0,0
21680,2,0,0,0,0,0,0
31761,2,0,0,0,0,0,0
14859,2,0,0,0,0,0,0
30371,2,0,0,0,0,0,0
30083,2,0,0,0,0,0,0
14177,2,0,0,0,0,0,0
15225,2,0,0,0,0,0,0
2933,2,0,0,0,0,0,0
18491,2,0,0,0,0,0,0
32506,2,0,0,0,0,0,0
9796,2,0,0,0,0,0,0
24768,2,0,0,0,0,0,0
7523,2,0,0,0,0,0,0
22038,2,0,0,0,0,0,0
8399,2,0,0,0,0,0,0
11857,2,0,0,0,0,0,0
15013,2,0,0,0,0,0,0
20967,2,0,0,0,0,0,0
8544,2,0,0,0,0,0,0
7116,2,0,0,0,0,0,0
8877,2,0,0,0,0,0,0
20381,2,0,0,0,0,0,0
11956,2,0,0,0,0,0,0
4780,2,0,0,0,0,0,0
19912,2,0,0,0,0,0,0
2690,2,0,0,0,0,0,0
13968,2,0,0,0,0,0,0
9588,2,0,0,0,0,0,0
31280,2,0,0,0,0,0,0
6695,2,0,0,0,0,0,0
12713,2,0,0,0,0,0,0
15818,2,0,0,0,0,0,0
26603,2,0,0,0,0,0,0
19029,2,0,0,0,0,0,0
11977,2,0,0,0,0,0,0
27163,2,0,0,0,0,0,0
4987,2,0,0,0,0,0,0
1588,2,0,0,0,0,0,0
29093,2,0,0,0,0,0,0
12488,2,0,0,0,0,0,0
9224,2,0,0,0,0,0,0
3903,2,0,0,0,0,0,0
16864,2,0,0,0,0,0,0
11320,2,0,0,0,0,0,0
279,2,0,0,0,0,0,0
30097,2,0,0,0,0,0,0
18931,2,0,0,0,0,0,0
13381,2,0,0,0,0,0,0
164,2,0,0,0,0,0,0
25950,2,0,0,0,0,0,0
93,2,0,0,0,0,0,0
3147,2,0,0,0,0,0,0
24413,2,0,0,0,0,0,0
6401,2,0,0,0,0,0,0
4093,2,0,0,0,0,0,0
5945,2,0,0,0,0,0,0
1100,2,0,0,0,0,0,0
13014,2,0,0,0,0,0,0
20305,2,0,0,0,0,0,0
29345,2,0,0,0,0,0,0
27522,2,0,0,0,0,0,0
11727,2,0,0,0,0,0,0
6792,2,0,0,0,0,0,0
8268,2,0,0,0,0,0,0
5264,2,0,0,0,0,0,0
8582,2,0,0,0,0,0,0
10983,2,0,0,0,0,0,0
21811,2,0,0,0,0,0,0
31190,2,0,0,0,0,0,0
29840,2,0,0,0,0,0,0
24274,2,0,0,0,0,0,0
4676,2,0,0,0,0,0,0
27008,2,0,0,0,0,0,0
32672,2,0,0,0,0,0,0
10290,2,0,0,0,0,0,0
4972,2,0,0,0,0,0,0
15504,2,0,0,0,0,0,0
13025,2,0,0,0,0,0,0
13505,2,0,0,0,0,0,0
4253,2,0,0,0,0,0,0
21446,2,0,0,0,0,0,0
4251,2,0,0,0,0,0,0
23008,2,0,0,0,0,0,0
8910,2,0,0,0,0,0,0
18856,2,0,0,0,0,0,0
4036,2,0,0,0,0,0,0
5698,2,0,0,0,0,0,0
20901,2,0,0,0,0,0,0
508,2,0,0,0,0,0,0
20702,2,0,0,0,0,0,0
9516,2,0,0,0,0,0,0
8371,2,0,0,0,0,0,0
16600,2,0,0,0,0,0,0
23134,2,0,0,0,0,0,0
27261,2,0,0,0,0,0,0
8993,2,0,0,0,0,0,0
5962,2,0,0,0,0,0,0
1362,2,0,0,0,0,0,0
1395,2,0,0,0,0,0,0
12937,2,0,0,0,0,0,0
21982,2,0,0,0,0,0,0
17220,2,0,0,0,0,0,0
13506,2,0,0,0,0,0,0
19799,2,0,0,0,0,0,0
736,2,0,0,0,0,0,0
15063,2,0,0,0,0,0,0
19024,2,0,0,0,0,0,0
20642,2,0,0,0,0,0,0
2114,2,0,0,0,0,0,0
27150,2,0,0,0,0,0,0
22307,2,0,0,0,0,0,0
11201,2,0,0,0,0,0,0
18825,2,0,0,0,0,0,0
32301,2,0,0,0,0,0,0
4316,2,0,0,0,0,0,0
9032,2,0,0,0,0,0,0
29520,2,0,0,0,0,0,0
32049,2,0,0,0,0,0,0
21485,2,0,0,0,0,0,0
26536,2,0,0,0,0,0,0
19308,2,0,0,0,0,0,0
16645,2,0,0,0,0,0,0
15248,2,0,0,0,0,0,0
19021,2,0,0,0,0,0,0
32408,2,0,0,0,0,0,0
19250,2,0,0,0,0,0,0
20364,2,0,0,0,0,0,0
22275,2,0,0,0,0,0,0
11260,2,0,0,0,0,0,0
32562,2,0,0,0,0,0,0
31665,2,0,0,0,0,0,0
4292,2,0,0,0,0,0,0
5319,2,0,0,0,0,0,0
32493,2,0,0,0,0,0,0
17185,2,0,0,0,0,0,0
30307,2,0,0,0,0,0,0
26627,2,0,0,0,0,0,0
9015,2,0,0,0,0,0,0
16275,2,0,0,0,0,0,0
27144,2,0,0,0,0,0,0
12464,2,0,0,0,0,0,0
4219,2,0,0,0,0,0,0
22391,2,0,0,0,0,0,0
22732,2,0,0,0,0,0,0
7720,2,0,0,0,0,0,0
13244,2,0,0,0,0,0,0
20964,2,0,0,0,0,0,0
26934,2,0,0,0,0,0,0
32412,2,0,0,0,0,0,0
1226,2,0,0,0,0,0,0
29592,2,0,0,0,0,0,0
31479,2,0,0,0,0,0,0
15671,2,0,0,0,0,0,0
6189,2,0,0,0,0,0,0
20801,2,0,0,0,0,0,0
24217,2,0,0,0,0,0,0
22793,2,0,0,0,0,0,0
30838,2,0,0,0,0,0,0
15439,2,0,0,0,0,0,0
14664,2,0,0,0,0,0,0
25931,2,0,0,0,0,0,0
22367,2,0,0,0,0,0,0
11481,2,0,0,0,0,0,0
12579,2,0,0,0,0,0,0
21956,2,0,0,0,0,0,0
15036,2,0,0,0,0,0,0
28420,2,0,0,0,0,0,0
6829,2,0,0,0,0,0,0
29879,2,0,0,0,0,0,0
21101,2,0,0,0,0,0,0
9960,2,0,0,0,0,0,0
14232,2,0,0,0,0,0,0
6903,2,0,0,0,0,0,0
31045,2,0,0,0,0,0,0
6506,2,0,0,0,0,0,0
8937,2,0,0,0,0,0,0
6723,2,0,0,0,0,0,0
27994,2,0,0,0,0,0,0
18136,2,0,0,0,0,0,0
27575,2,0,0,0,0,0,0
10159,2,0,0,0,0,0,0
7339,2,0,0,0,0,0,0
7296,2,0,0,0,0,0,0
17427,2,0,0,0,0,0,0
12982,2,0,0,0,0,0,0
24245,2,0,0,0,0,0,0
22124,2,0,0,0,0,0,0
5469,2,0,0,0,0,0,0
12649,2,0,0,0,0,0,0
22423,2,0,0,0,0,0,0
23862,2,0,0,0,0,0,0
15432,2,0,0,0,0,0,0
31765,2,0,0,0,0,0,0
12124,2,0,0,0,0,0,0
20684,2,0,0,0,0,0,0
16969,2,0,0,0,0,0,0
9409,2,0,0,0,0,0,0
17797,2,0,0,0,0,0,0
3271,2,0,0,0,0,0,0
25701,2,0,0,0,0,0,0
13083,2,0,0,0,0,0,0
13522,2,0,0,0,0,0,0
8628,2,0,0,0,0,0,0
1623,2,0,0,0,0,0,0
9024,2,0,0,0,0,0,0
32268,2,0,0,0,0,0,0
24399,2,0,0,0,0,0,0
24328,2,0,0,0,0,0,0
31579,2,0,0,0,0,0,0
7013,2,0,0,0,0,0,0
29254,2,0,0,0,0,0,0
31881,2,0,0,0,0,0,0
15919,2,0,0,0,0,0,0
23105,2,0,0,0,0,0,0
1458,2,0,0,0,0,0,0
23612,2,0,0,0,0,0,0
10617,2,0,0,0,0,0,0
9323,2,0,0,0,0,0,0
10422,2,0,0,0,0,0,0
16544,2,0,0,0,0,0,0
8058,2,0,0,0,0,0,0
9463,2,0,0,0,0,0,0
30885,2,0,0,0,0,0,0
12438,2,0,0,0,0,0,0
32604,2,0,0,0,0,0,0
17775,2,0,0,0,0,0,0
31257,2,0,0,0,0,0,0
23833,2,0,0,0,0,0,0
28631,2,0,0,0,0,0,0
2978,2,0,0,0,0,0,0
27486,2,0,0,0,0,0,0
24304,2,0,0,0,0,0,0
11316,2,0,0,0,0,0,0
16573,2,0,0,0,0,0,0
28304,2,0,0,0,0,0,0
10278,2,0,0,0,0,0,0
11535,2,0,0,0,0,0,0
5446,2,0,0,0,0,0,0
7736,2,0,0,0,0,0,0
31157,2,0,0,0,0,0,0
11160,2,0,0,0,0,0,0
12822,2,0,0,0,0,0,0
16413,2,0,0,0,0,0,0
22475,2,0,0,0,0,0,0
18348,2,0,0,0,0,0,0
6608,2,0,0,0,0,0,0
3750,2,0,0,0,0,0,0
25846,2,0,0,0,0,0,0
25425,2,0,0,0,0,0,0
30591,2,0,0,0,0,0,0
1507,2,0,0,0,0,0,0
17393,2,0,0,0,0,0,0
22583,2,0,0,0,0,0,0
16553,2,0,0,0,0,0,0
23005,2,0,0,0,0,0,0
10886,2,0,0,0,0,0,0
8730,2,0,0,0,0,0,0
2290,2,0,0,0,0,0,0
5311,2,0,0,0,0,0,0
843,2,0,0,0,0,0,0
14949,2,0,0,0,0,0,0
23226,2,0,0,0,0,0,0
14401,2,0,0,0,0,0,0
940,2,0,0,0,0,0,0
17649,2,0,0,0,0,0,0
1473,2,0,0,0,0,0,0
3270,2,0,0,0,0,0,0
24473,2,0,0,0,0,0,0
29387,2,0,0,0,0,0,0
13752,2,0,0,0,0,0,0
20857,2,0,0,0,0,0,0
1326,2,0,0,0,0,0,0
12135,2,0,0,0,0,0,0
30430,2,0,0,0,0,0,0
25689,2,0,0,0,0,0,0
32304,2,0,0,0,0,0,0
9556,2,0,0,0,0,0,0
32194,2,0,0,0,0,0,0
24381,2,0,0,0,0,0,0
6639,2,0,0,0,0,0,0
25863,2,0,0,0,0,0,0
31405,2,0,0,0,0,0,0
2827,2,0,0,0,0,0,0
14656,2,0,0,0,0,0,0
29469,2,0,0,0,0,0,0
6607,2,0,0,0,0,0,0
29700,2,0,0,0,0,0,0
5674,2,0,0,0,0,0,0
25110,2,0,0,0,0,0,0
1745,2,0,0,0,0,0,0
13315,2,0,0,0,0,0,0
24112,2,0,0,0,0,0,0
31453,2,0,0,0,0,0,0
21367,2,0,0,0,0,0,0
27491,2,0,0,0,0,0,0
32127,2,0,0,0,0,0,0
3150,2,0,0,0,0,0,0
27231,2,0,0,0,0,0,0
17249,2,0,0,0,0,0,0
4022,2,0,0,0,0,0,0
863,2,0,0,0,0,0,0
24000,2,0,0,0,0,0,0
23116,2,0,0,0,0,0,0
23301,2,0,0,0,0,0,0
24103,2,0,0,0,0,0,0
17690,2,0,0,0,0,0,0
2595,2,0,0,0,0,0,0
19940,2,0,0,0,0,0,0
8244,2,0,0,0,0,0,0
26202,2,0,0,0,0,0,0
4072,2,0,0,0,0,0,0
26444,2,0,0,0,0,0,0
17000,2,0,0,0,0,0,0
3005,2,0,0,0,0,0,0
29350,2,0,0,0,0,0,0
3399,2,0,0,0,0,0,0
11191,2,0,0,0,0,0,0
28327,2,0,0,0,0,0,0
15167,2,0,0,0,0,0,0
12540,2,0,0,0,0,0,0
27069,2,0,0,0,0,0,0
10590,2,0,0,0,0,0,0
16808,2,0,0,0,0,0,0
15143,2,0,0,0,0,0,0
15552,2,0,0,0,0,0,0
31159,2,0,0,0,0,0,0
13076,2,0,0,0,0,0,0
12326,2,0,0,0,0,0,0
21569,2,0,0,0,0,0,0
23039,2,0,0,0,0,0,0
5229,2,0,0,0,0,0,0
11397,2,0,0,0,0,0,0
23339,2,0,0,0,0,0,0
11200,2,0,0,0,0,0,0
14053,2,0,0,0,0,0,0
622,2,0,0,0,0,0,0
23588,2,0,0,0,0,0,0
29349,2,0,0,0,0,0,0
9742,2,0,0,0,0,0,0
26868,2,0,0,0,0,0,0
20851,2,0,0,0,0,0,0
3431,2,0,0,0,0,0,0
3599,2,0,0,0,0,0,0
21415,2,0,0,0,0,0,0
18386,2,0,0,0,0,0,0
19968,2,0,0,0,0,0,0
13479,2,0,0,0,0,0,0
9691,2,0,0,0,0,0,0
27204,2,0,0,0,0,0,0
11687,2,0,0,0,0,0,0
17567,2,0,0,0,0,0,0
17003,2,0,0,0,0,0,0
28187,2,0,0,0,0,0,0
29226,2,0,0,0,0,0,0
12567,2,0,0,0,0,0,0
26248,2,0,0,0,0,0,0
11094,2,0,0,0,0,0,0
15484,2,0,0,0,0,0,0
1595,2,0,0,0,0,0,0
19224,2,0,0,0,0,0,0
32165,2,0,0,0,0,0,0
26786,2,0,0,0,0,0,0
16660,2,0,0,0,0,0,0
13331,2,0,0,0,0,0,0
26009,2,0,0,0,0,0,0
26987,2,0,0,0,0,0,0
26489,2,0,0,0,0,0,0
1838,2,0,0,0,0,0,0
2635,2,0,0,0,0,0,0
25138,2,0,0,0,0,0,0
12807,2,0,0,0,0,0,0
14787,2,0,0,0,0,0,0
14783,2,0,0,0,0,0,0
23489,2,0,0,0,0,0,0
24801,2,0,0,0,0,0,0
1247,2,0,0,0,0,0,0
11802,2,0,0,0,0,0,0
15874,2,0,0,0,0,0,0
13498,2,0,0,0,0,0,0
