24414,1,8,0,0,0,0,0
2993,1,8,0,0,0,0,0
28324,1,8,0,0,0,0,0
23103,1,8,0,0,0,0,0
12183,1,8,0,0,0,0,0
25279,1,8,0,0,0,0,0
31393,1,8,0,0,0,0,0
496,1,8,0,0,0,0,0
7321,1,8,0,0,0,0,0
31876,1,8,0,0,0,0,0
27627,1,8,0,0,0,0,0
8958,1,8,0,0,0,0,0
11040,1,8,0,0,0,0,0
31455,1,8,0,0,0,0,0
6468,1,8,0,0,0,0,0
30821,1,8,0,0,0,0,0
3149,1,8,0,0,0,0,0
32610,1,8,0,0,0,0,0
13521,1,8,0,0,0,0,0
14926,1,8,0,0,0,0,0
2999,1,8,0,0,0,0,0
18377,1,8,0,0,0,0,0
4982,1,8,0,0,0,0,0
20352,1,8,0,0,0,0,0
19373,1,8,0,0,0,0,0
10574,1,8,0,0,0,0,0
3456,1,8,0,0,0,0,0
9394,1,8,0,0,0,0,0
8172,1,8,0,0,0,0,0
25782,1,8,0,0,0,0,0
17157,1,8,0,0,0,0,0
10162,1,8,0,0,0,0,0
16451,1,8,0,0,0,0,0
27067,1,8,0,0,0,0,0
15298,1,8,0,0,0,0,0
21896,1,8,0,0,0,0,0
3181,1,8,0,0,0,0,0
28940,1,8,0,0,0,0,0
22998,1,8,0,0,0,0,0
15847,1,8,0,0,0,0,0
12830,1,8,0,0,0,0,0
6437,1,8,0,0,0,0,0
29032,1,8,0,0,0,0,0
19626,1,8,0,0,0,0,0
27142,1,8,0,0,0,0,0
10625,1,8,0,0,0,0,0
4545,1,8,0,0,0,0,0
31324,1,8,0,0,0,0,0
27514,1,8,0,0,0,0,0
10275,1,8,0,0,0,0,0
21449,1,8,0,0,0,0,0
26321,1,8,0,0,0,0,0
2019,1,8,0,0,0,0,0
26478,1,8,0,0,0,0,0
8922,1,8,0,0,0,0,0
5279,1,8,0,0,0,0,0
2077,1,8,0,0,0,0,0
29539,1,8,0,0,0,0,0
27596,1,8,0,0,0,0,0
27194,1,8,0,0,0,0,0
3461,1,8,0,0,0,0,0
20439,1,8,0,0,0,0,0
1724,1,8,0,0,0,0,0
7374,1,8,0,0,0,0,0
2136,1,8,0,0,0,0,0
11592,1,8,0,0,0,0,0
20813,1,8,0,0,0,0,0
5630,1,8,0,0,0,0,0
7874,1,8,0,0,0,0,0
14873,1,8,0,0,0,0,0
16351,1,8,0,0,0,0,0
30179,1,8,0,0,0,0,0
19705,1,8,0,0,0,0,0
1952,1,8,0,0,0,0,0
25079,1,8,0,0,0,0,0
13345,1,8,0,0,0,0,0
2408,1,8,0,0,0,0,0
8286,1,8,0,0,0,0,0
26061,1,8,0,0,0,0,0
178,1,8,0,0,0,0,0
22840,1,8,0,0,0,0,0
16098,1,8,0,0,0,0,0
9801,1,8,0,0,0,0,0
312,1,8,0,0,0,0,0
22142,1,8,0,0,0,0,0
23365,1,8,0,0,0,0,0
20603,1,8,0,0,0,0,0
1222,1,8,0,0,0,0,0
7196,1,8,0,0,0,0,0
4511,1,8,0,0,0,0,0
9533,1,8,0,0,0,0,0
19380,1,8,0,0,0,0,0
8369,1,8,0,0,0,0,0
19073,1,8,0,0,0,0,0
3887,1,8,0,0,0,0,0
25216,1,8,0,0,0,0,0
1748,1,8,0,0,0,0,0
4330,1,8,0,0,0,0,0
21903,1,8,0,0,0,0,0
231,1,8,0,0,0,0,0
23829,1,8,0,0,0,0,0
18606,1,8,0,0,0,0,0
3025,1,8,0,0,0,0,0
15993,1,8,0,0,0,0,0
17483,1,8,0,0,0,0,0
12685,1,8,0,0,0,0,0
8461,1,8,0,0,0,0,0
6618,1,8,0,0,0,0,0
3229,1,8,0,0,0,0,0
12335,1,8,0,0,0,0,0
27127,1,8,0,0,0,0,0
15517,1,8,0,0,0,0,0
24724,1,8,0,0,0,0,0
22417,1,8,0,0,0,0,0
30804,1,8,0,0,0,0,0
25225,1,8,0,0,0,0,0
29974,1,8,0,0,0,0,0
28018,1,8,0,0,0,0,0
28110,1,8,0,0,0,0,0
22955,1,8,0,0,0,0,0
4344,1,8,0,0,0,0,0
28027,1,8,0,0,0,0,0
1300,1,8,0,0,0,0,0
20969,1,8,0,0,0,0,0
19257,1,8,0,0,0,0,0
22650,1,8,0,0,0,0,0
11310,1,8,0,0,0,0,0
7467,1,8,0,0,0,0,0
12070,1,8,0,0,0,0,0
17217,1,8,0,0,0,0,0
29899,1,8,0,0,0,0,0
19985,1,8,0,0,0,0,0
19861,1,8,0,0,0,0,0
28536,1,8,0,0,0,0,0
30912,1,8,0,0,0,0,0
5820,1,8,0,0,0,0,0
21609,1,8,0,0,0,0,0
14054,1,8,0,0,0,0,0
15426,1,8,0,0,0,0,0
27300,1,8,0,0,0,0,0
11095,1,8,0,0,0,0,0
4326,1,8,0,0,0,0,0
1318,1,8,0,0,0,0,0
17400,1,8,0,0,0,0,0
12244,1,8,0,0,0,0,0
5014,1,8,0,0,0,0,0
16721,1,8,0,0,0,0,0
6480,1,8,0,0,0,0,0
16633,1,8,0,0,0,0,0
27254,1,8,0,0,0,0,0
28623,1,8,0,0,0,0,0
5744,1,8,0,0,0,0,0
5760,1,8,0,0,0,0,0
17910,1,8,0,0,0,0,0
9803,1,8,0,0,0,0,0
24133,1,8,0,0,0,0,0
13393,1,8,0,0,0,0,0
8797,1,8,0,0,0,0,0
3221,1,8,0,0,0,0,0
7040,1,8,0,0,0,0,0
11728,1,8,0,0,0,0,0
13705,1,8,0,0,0,0,0
487,1,8,0,0,0,0,0
22059,1,8,0,0,0,0,0
19932,1,8,0,0,0,0,0
32247,1,8,0,0,0,0,0
18602,1,8,0,0,0,0,0
3044,1,8,0,0,0,0,0
19322,1,8,0,0,0,0,0
26235,1,8,0,0,0,0,0
2643,1,8,0,0,0,0,0
28119,1,8,0,0,0,0,0
20890,1,8,0,0,0,0,0
14928,1,8,0,0,0,0,0
10404,1,8,0,0,0,0,0
23685,1,8,0,0,0,0,0
25449,1,8,0,0,0,0,0
32682,1,8,0,0,0,0,0
12266,1,8,0,0,0,0,0
9791,1,8,0,0,0,0,0
18046,1,8,0,0,0,0,0
25397,1,8,0,0,0,0,0
30163,1,8,0,0,0,0,0
22784,1,8,0,0,0,0,0
24468,1,8,0,0,0,0,0
22615,1,8,0,0,0,0,0
30959,1,8,0,0,0,0,0
28825,1,8,0,0,0,0,0
9846,1,8,0,0,0,0,0
848,1,8,0,0,0,0,0
28616,1,8,0,0,0,0,0
15035,1,8,0,0,0,0,0
16986,1,8,0,0,0,0,0
29007,1,8,0,0,0,0,0
22002,1,8,0,0,0,0,0
32025,1,8,0,0,0,0,0
19365,1,8,0,0,0,0,0
25348,1,8,0,0,0,0,0
24165,1,8,0,0,0,0,0
15023,1,8,0,0,0,0,0
5554,1,8,0,0,0,0,0
16745,1,8,0,0,0,0,0
27418,1,8,0,0,0,0,0
7617,1,8,0,0,0,0,0
25329,1,8,0,0,0,0,0
19699,1,8,0,0,0,0,0
20180,1,8,0,0,0,0,0
30007,1,8,0,0,0,0,0
5666,1,8,0,0,0,0,0
22333,1,8,0,0,0,0,0
21850,1,8,0,0,0,0,0
17017,1,8,0,0,0,0,0
26202,1,8,0,0,0,0,0
21685,1,8,0,0,0,0,0
9156,1,8,0,0,0,0,0
5020,1,8,0,0,0,0,0
19236,1,8,0,0,0,0,0
20875,1,8,0,0,0,0,0
31187,1,8,0,0,0,0,0
23497,1,8,0,0,0,0,0
11078,1,8,0,0,0,0,0
20241,1,8,0,0,0,0,0
15802,1,8,0,0,0,0,0
15636,1,8,0,0,0,0,0
30802,1,8,0,0,0,0,0
32162,1,8,0,0,0,0,0
19603,1,8,0,0,0,0,0
183,1,8,0,0,0,0,0
15044,1,8,0,0,0,0,0
22082,1,8,0,0,0,0,0
4102,1,8,0,0,0,0,0
5932,1,8,0,0,0,0,0
18685,1,8,0,0,0,0,0
15190,1,8,0,0,0,0,0
26449,1,8,0,0,0,0,0
21931,1,8,0,0,0,0,0
1726,1,8,0,0,0,0,0
21437,1,8,0,0,0,0,0
32420,1,8,0,0,0,0,0
25354,1,8,0,0,0,0,0
9717,1,8,0,0,0,0,0
24161,1,8,0,0,0,0,0
28968,1,8,0,0,0,0,0
13697,1,8,0,0,0,0,0
10813,1,8,0,0,0,0,0
3314,1,8,0,0,0,0,0
26,1,8,0,0,0,0,0
19976,1,8,0,0,0,0,0
25937,1,8,0,0,0,0,0
29635,1,8,0,0,0,0,0
21846,1,8,0,0,0,0,0
21234,1,8,0,0,0,0,0
29416,1,8,0,0,0,0,0
23489,1,8,0,0,0,0,0
22919,1,8,0,0,0,0,0
4088,1,8,0,0,0,0,0
2344,1,8,0,0,0,0,0
31731,1,8,0,0,0,0,0
20849,1,8,0,0,0,0,0
32328,1,8,0,0,0,0,0
28362,1,8,0,0,0,0,0
23259,1,8,0,0,0,0,0
18482,1,8,0,0,0,0,0
5255,1,8,0,0,0,0,0
20317,1,8,0,0,0,0,0
5333,1,8,0,0,0,0,0
25146,1,8,0,0,0,0,0
24915,1,8,0,0,0,0,0
10105,1,8,0,0,0,0,0
32573,1,8,0,0,0,0,0
13273,1,8,0,0,0,0,0
8730,1,8,0,0,0,0,0
6211,1,8,0,0,0,0,0
12068,1,8,0,0,0,0,0
24893,1,8,0,0,0,0,0
27048,1,8,0,0,0,0,0
6327,1,8,0,0,0,0,0
21748,1,8,0,0,0,0,0
16657,1,8,0,0,0,0,0
22266,1,8,0,0,0,0,0
10654,1,8,0,0,0,0,0
29960,1,8,0,0,0,0,0
26817,1,8,0,0,0,0,0
8773,1,8,0,0,0,0,0
11719,1,8,0,0,0,0,0
29024,1,8,0,0,0,0,0
25570,1,8,0,0,0,0,0
2652,1,8,0,0,0,0,0
7825,1,8,0,0,0,0,0
12752,1,8,0,0,0,0,0
935,1,8,0,0,0,0,0
4428,1,8,0,0,0,0,0
2143,1,8,0,0,0,0,0
5613,1,8,0,0,0,0,0
12461,1,8,0,0,0,0,0
24021,1,8,0,0,0,0,0
2524,1,8,0,0,0,0,0
7668,1,8,0,0,0,0,0
4218,1,8,0,0,0,0,0
3351,1,8,0,0,0,0,0
14871,1,8,0,0,0,0,0
912,1,8,0,0,0,0,0
6192,1,8,0,0,0,0,0
29233,1,8,0,0,0,0,0
15106,1,8,0,0,0,0,0
11608,1,8,0,0,0,0,0
18174,1,8,0,0,0,0,0
15553,1,8,0,0,0,0,0
32175,1,8,0,0,0,0,0
32452,1,8,0,0,0,0,0
20539,1,8,0,0,0,0,0
11152,1,8,0,0,0,0,0
19115,1,8,0,0,0,0,0
15248,1,8,0,0,0,0,0
27256,1,8,0,0,0,0,0
18121,1,8,0,0,0,0,0
28424,1,8,0,0,0,0,0
13831,1,8,0,0,0,0,0
11317,1,8,0,0,0,0,0
6740,1,8,0,0,0,0,0
28451,1,8,0,0,0,0,0
20040,1,8,0,0,0,0,0
20845,1,8,0,0,0,0,0
19468,1,8,0,0,0,0,0
8838,1,8,0,0,0,0,0
4841,1,8,0,0,0,0,0
18479,1,8,0,0,0,0,0
27956,1,8,0,0,0,0,0
31413,1,8,0,0,0,0,0
6605,1,8,0,0,0,0,0
26604,1,8,0,0,0,0,0
11043,1,8,0,0,0,0,0
14960,1,8,0,0,0,0,0
28014,1,8,0,0,0,0,0
22231,1,8,0,0,0,0,0
11992,1,8,0,0,0,0,0
29789,1,8,0,0,0,0,0
31546,1,8,0,0,0,0,0
5211,1,8,0,0,0,0,0
11622,1,8,0,0,0,0,0
26275,1,8,0,0,0,0,0
2024,1,8,0,0,0,0,0
10084,1,8,0,0,0,0,0
32509,1,8,0,0,0,0,0
3807,1,8,0,0,0,0,0
19505,1,8,0,0,0,0,0
15192,1,8,0,0,0,0,0
29184,1,8,0,0,0,0,0
32012,1,8,0,0,0,0,0
7547,1,8,0,0,0,0,0
29457,1,8,0,0,0,0,0
4124,1,8,0,0,0,0,0
5683,1,8,0,0,0,0,0
32568,1,8,0,0,0,0,0
28445,1,8,0,0,0,0,0
6039,1,8,0,0,0,0,0
19250,1,8,0,0,0,0,0
26846,1,8,0,0,0,0,0
9502,1,8,0,0,0,0,0
15391,1,8,0,0,0,0,0
27170,1,8,0,0,0,0,0
5502,1,8,0,0,0,0,0
12668,1,8,0,0,0,0,0
16219,1,8,0,0,0,0,0
30106,1,8,0,0,0,0,0
23572,1,8,0,0,0,0,0
18880,1,8,0,0,0,0,0
29336,1,8,0,0,0,0,0
11857,1,8,0,0,0,0,0
19260,1,8,0,0,0,0,0
23703,1,8,0,0,0,0,0
29946,1,8,0,0,0,0,0
22584,1,8,0,0,0,0,0
28727,1,8,0,0,0,0,0
31375,1,8,0,0,0,0,0
31025,1,8,0,0,0,0,0
16001,1,8,0,0,0,0,0
16267,1,8,0,0,0,0,0
12071,1,8,0,0,0,0,0
6006,1,8,0,0,0,0,0
7483,1,8,0,0,0,0,0
4429,1,8,0,0,0,0,0
6157,1,8,0,0,0,0,0
4222,1,8,0,0,0,0,0
26947,1,8,0,0,0,0,0
14216,1,8,0,0,0,0,0
13759,1,8,0,0,0,0,0
23514,1,8,0,0,0,0,0
4725,1,8,0,0,0,0,0
19182,1,8,0,0,0,0,0
6153,1,8,0,0,0,0,0
21696,1,8,0,0,0,0,0
16012,1,8,0,0,0,0,0
520,1,8,0,0,0,0,0
13915,1,8,0,0,0,0,0
3572,1,8,0,0,0,0,0
32663,1,8,0,0,0,0,0
15785,1,8,0,0,0,0,0
26734,1,8,0,0,0,0,0
2476,1,8,0,0,0,0,0
31659,1,8,0,0,0,0,0
1984,1,8,0,0,0,0,0
12612,1,8,0,0,0,0,0
30637,1,8,0,0,0,0,0
25938,1,8,0,0,0,0,0
18804,1,8,0,0,0,0,0
22657,1,8,0,0,0,0,0
22756,1,8,0,0,0,0,0
13493,1,8,0,0,0,0,0
30127,1,8,0,0,0,0,0
21631,1,8,0,0,0,0,0
26800,1,8,0,0,0,0,0
27159,1,8,0,0,0,0,0
30167,1,8,0,0,0,0,0
26163,1,8,0,0,0,0,0
4325,1,8,0,0,0,0,0
7242,1,8,0,0,0,0,0
9450,1,8,0,0,0,0,0
3259,1,8,0,0,0,0,0
15147,1,8,0,0,0,0,0
10785,1,8,0,0,0,0,0
5085,1,8,0,0,0,0,0
23091,1,8,0,0,0,0,0
16061,1,8,0,0,0,0,0
1343,1,8,0,0,0,0,0
31523,1,8,0,0,0,0,0
5550,1,8,0,0,0,0,0
12828,1,8,0,0,0,0,0
31878,1,8,0,0,0,0,0
22910,1,8,0,0,0,0,0
11435,1,8,0,0,0,0,0
18775,1,8,0,0,0,0,0
3414,1,8,0,0,0,0,0
27484,1,8,0,0,0,0,0
26713,1,8,0,0,0,0,0
30770,1,8,0,0,0,0,0
21420,1,8,0,0,0,0,0
26233,1,8,0,0,0,0,0
17085,1,8,0,0,0,0,0
27335,1,8,0,0,0,0,0
19440,1,8,0,0,0,0,0
16386,1,8,0,0,0,0,0
5165,1,8,0,0,0,0,0
30894,1,8,0,0,0,0,0
10786,1,8,0,0,0,0,0
27359,1,8,0,0,0,0,0
30922,1,8,0,0,0,0,0
28802,1,8,0,0,0,0,0
20917,1,8,0,0,0,0,0
22416,1,8,0,0,0,0,0
19553,1,8,0,0,0,0,0
21335,1,8,0,0,0,0,0
24093,1,8,0,0,0,0,0
19436,1,8,0,0,0,0,0
18570,1,8,0,0,0,0,0
24924,1,8,0,0,0,0,0
23326,1,8,0,0,0,0,0
20866,1,8,0,0,0,0,0
31743,1,8,0,0,0,0,0
5999,1,8,0,0,0,0,0
32198,1,8,0,0,0,0,0
32532,1,8,0,0,0,0,0
30040,1,8,0,0,0,0,0
16080,1,8,0,0,0,0,0
15043,1,8,0,0,0,0,0
14573,1,8,0,0,0,0,0
6186,1,8,0,0,0,0,0
7644,1,8,0,0,0,0,0
3084,1,8,0,0,0,0,0
18977,1,8,0,0,0,0,0
17042,1,8,0,0,0,0,0
25956,1,8,0,0,0,0,0
7053,1,8,0,0,0,0,0
2329,1,8,0,0,0,0,0
23153,1,8,0,0,0,0,0
6784,1,8,0,0,0,0,0
4468,1,8,0,0,0,0,0
6143,1,8,0,0,0,0,0
10113,1,8,0,0,0,0,0
12700,1,8,0,0,0,0,0
5291,1,8,0,0,0,0,0
6053,1,8,0,0,0,0,0
4802,1,8,0,0,0,0,0
12433,1,8,0,0,0,0,0
14904,1,8,0,0,0,0,0
18411,1,8,0,0,0,0,0
15489,1,8,0,0,0,0,0
32701,1,8,0,0,0,0,0
14744,1,8,0,0,0,0,0
5262,1,8,0,0,0,0,0
18789,1,8,0,0,0,0,0
13176,1,8,0,0,0,0,0
11465,1,8,0,0,0,0,0
25029,1,8,0,0,0,0,0
17374,1,8,0,0,0,0,0
11657,1,8,0,0,0,0,0
14970,1,8,0,0,0,0,0
24447,1,8,0,0,0,0,0
14363,1,8,0,0,0,0,0
10443,1,8,0,0,0,0,0
16923,1,8,0,0,0,0,0
23884,1,8,0,0,0,0,0
24130,1,8,0,0,0,0,0
5153,1,8,0,0,0,0,0
9804,1,8,0,0,0,0,0
17772,1,8,0,0,0,0,0
8497,1,8,0,0,0,0,0
32189,1,8,0,0,0,0,0
19720,1,8,0,0,0,0,0
26861,1,8,0,0,0,0,0
10046,1,8,0,0,0,0,0
32121,1,8,0,0,0,0,0
24849,1,8,0,0,0,0,0
17381,1,8,0,0,0,0,0
9023,1,8,0,0,0,0,0
27707,1,8,0,0,0,0,0
2549,1,8,0,0,0,0,0
11676,1,8,0,0,0,0,0
1298,1,8,0,0,0,0,0
28292,1,8,0,0,0,0,0
12130,1,8,0,0,0,0,0
20506,1,8,0,0,0,0,0
5757,1,8,0,0,0,0,0
25766,1,8,0,0,0,0,0
4379,1,8,0,0,0,0,0
21263,1,8,0,0,0,0,0
27975,1,8,0,0,0,0,0
26697,1,8,0,0,0,0,0
16794,1,8,0,0,0,0,0
3012,1,8,0,0,0,0,0
3836,1,8,0,0,0,0,0
565,1,8,0,0,0,0,0
13924,1,8,0,0,0,0,0
4569,1,8,0,0,0,0,0
31978,1,8,0,0,0,0,0
11512,1,8,0,0,0,0,0
5813,1,8,0,0,0,0,0
21811,1,8,0,0,0,0,0
9341,1,8,0,0,0,0,0
13503,1,8,0,0,0,0,0
3164,1,8,0,0,0,0,0
26069,1,8,0,0,0,0,0
14630,1,8,0,0,0,0,0
5654,1,8,0,0,0,0,0
1429,1,8,0,0,0,0,0
1787,1,8,0,0,0,0,0
17802,1,8,0,0,0,0,0
12993,1,8,0,0,0,0,0
31344,1,8,0,0,0,0,0
26957,1,8,0,0,0,0,0
9747,1,8,0,0,0,0,0
12633,1,8,0,0,0,0,0
5841,1,8,0,0,0,0,0
32629,1,8,0,0,0,0,0
31149,1,8,0,0,0,0,0
14856,1,8,0,0,0,0,0
14576,1,8,0,0,0,0,0
2846,1,8,0,0,0,0,0
26421,1,8,0,0,0,0,0
10606,1,8,0,0,0,0,0
11850,1,8,0,0,0,0,0
4192,1,8,0,0,0,0,0
21908,1,8,0,0,0,0,0
29587,1,8,0,0,0,0,0
21982,1,8,0,0,0,0,0
12620,1,8,0,0,0,0,0
15185,1,8,0,0,0,0,0
12511,1,8,0,0,0,0,0
21576,1,8,0,0,0,0,0
776,1,8,0,0,0,0,0
12986,1,8,0,0,0,0,0
25711,1,8,0,0,0,0,0
23181,1,8,0,0,0,0,0
9531,1,8,0,0,0,0,0
9463,1,8,0,0,0,0,0
6591,1,8,0,0,0,0,0
3830,1,8,0,0,0,0,0
6862,1,8,0,0,0,0,0
28490,1,8,0,0,0,0,0
15171,1,8,0,0,0,0,0
9437,1,8,0,0,0,0,0
8995,1,8,0,0,0,0,0
21415,1,8,0,0,0,0,0
24360,1,8,0,0,0,0,0
10681,1,8,0,0,0,0,0
26784,1,8,0,0,0,0,0
20549,1,8,0,0,0,0,0
12882,1,8,0,0,0,0,0
4715,1,8,0,0,0,0,0
19941,1,8,0,0,0,0,0
10301,1,8,0,0,0,0,0
24912,1,8,0,0,0,0,0
14722,1,8,0,0,0,0,0
13916,1,8,0,0,0,0,0
6278,1,8,0,0,0,0,0
25875,1,8,0,0,0,0,0
1734,1,8,0,0,0,0,0
13598,1,8,0,0,0,0,0
23323,1,8,0,0,0,0,0
6562,1,8,0,0,0,0,0
3264,1,8,0,0,0,0,0
15968,1,8,0,0,0,0,0
21550,1,8,0,0,0,0,0
2034,1,8,0,0,0,0,0
7969,1,8,0,0,0,0,0
23724,1,8,0,0,0,0,0
19829,1,8,0,0,0,0,0
14991,1,8,0,0,0,0,0
7760,1,8,0,0,0,0,0
13953,1,8,0,0,0,0,0
32406,1,8,0,0,0,0,0
11420,1,8,0,0,0,0,0
27273,1,8,0,0,0,0,0
20705,1,8,0,0,0,0,0
2315,1,8,0,0,0,0,0
30919,1,8,0,0,0,0,0
15276,1,8,0,0,0,0,0
25878,1,8,0,0,0,0,0
30011,1,8,0,0,0,0,0
13882,1,8,0,0,0,0,0
8389,1,8,0,0,0,0,0
3916,1,8,0,0,0,0,0
2978,1,8,0,0,0,0,0
17711,1,8,0,0,0,0,0
27091,1,8,0,0,0,0,0
7518,1,8,0,0,0,0,0
4174,1,8,0,0,0,0,0
27842,1,8,0,0,0,0,0
5518,1,8,0,0,0,0,0
31044,1,8,0,0,0,0,0
11130,1,8,0,0,0,0,0
10499,1,8,0,0,0,0,0
5438,1,8,0,0,0,0,0
22795,1,8,0,0,0,0,0
8312,1,8,0,0,0,0,0
14112,1,8,0,0,0,0,0
618,1,8,0,0,0,0,0
21185,1,8,0,0,0,0,0
18200,1,8,0,0,0,0,0
22374,1,8,0,0,0,0,0
12944,1,8,0,0,0,0,0
6251,1,8,0,0,0,0,0
13960,1,8,0,0,0,0,0
14393,1,8,0,0,0,0,0
5846,1,8,0,0,0,0,0
8573,1,8,0,0,0,0,0
16946,1,8,0,0,0,0,0
21827,1,8,0,0,0,0,0
17033,1,8,0,0,0,0,0
4744,1,8,0,0,0,0,0
26425,1,8,0,0,0,0,0
9473,1,8,0,0,0,0,0
18272,1,8,0,0,0,0,0
13315,1,8,0,0,0,0,0
17371,1,8,0,0,0,0,0
5492,1,8,0,0,0,0,0
13666,1,8,0,0,0,0,0
29036,1,8,0,0,0,0,0
3929,1,8,0,0,0,0,0
29844,1,8,0,0,0,0,0
22140,1,8,0,0,0,0,0
5969,1,8,0,0,0,0,0
10086,1,8,0,0,0,0,0
32693,1,8,0,0,0,0,0
10621,1,8,0,0,0,0,0
7929,1,8,0,0,0,0,0
18099,1,8,0,0,0,0,0
13134,1,8,0,0,0,0,0
17476,1,8,0,0,0,0,0
12888,1,8,0,0,0,0,0
17367,1,8,0,0,0,0,0
29941,1,8,0,0,0,0,0
2615,1,8,0,0,0,0,0
32545,1,8,0,0,0,0,0
7060,1,8,0,0,0,0,0
8167,1,8,0,0,0,0,0
20008,1,8,0,0,0,0,0
18936,1,8,0,0,0,0,0
27733,1,8,0,0,0,0,0
23231,1,8,0,0,0,0,0
5832,1,8,0,0,0,0,0
10722,1,8,0,0,0,0,0
23425,1,8,0,0,0,0,0
28733,1,8,0,0,0,0,0
22905,1,8,0,0,0,0,0
21084,1,8,0,0,0,0,0
21884,1,8,0,0,0,0,0
16625,1,8,0,0,0,0,0
14094,1,8,0,0,0,0,0
29868,1,8,0,0,0,0,0
10109,1,8,0,0,0,0,0
12920,1,8,0,0,0,0,0
15772,1,8,0,0,0,0,0
27934,1,8,0,0,0,0,0
31113,1,8,0,0,0,0,0
26583,1,8,0,0,0,0,0
8125,1,8,0,0,0,0,0
5756,1,8,0,0,0,0,0
4909,1,8,0,0,0,0,0
30904,1,8,0,0,0,0,0
19693,1,8,0,0,0,0,0
6606,1,8,0,0,0,0,0
506,1,8,0,0,0,0,0
19967,1,8,0,0,0,0,0
31535,1,8,0,0,0,0,0
23030,1,8,0,0,0,0,0
995,1,8,0,0,0,0,0
27501,1,8,0,0,0,0,0
971,1,8,0,0,0,0,0
26679,1,8,0,0,0,0,0
11960,1,8,0,0,0,0,0
18147,1,8,0,0,0,0,0
18937,1,8,0,0,0,0,0
13202,1,8,0,0,0,0,0
31937,1,8,0,0,0,0,0
2032,1,8,0,0,0,0,0
25051,1,8,0,0,0,0,0
1785,1,8,0,0,0,0,0
22283,1,8,0,0,0,0,0
3450,1,8,0,0,0,0,0
3016,1,8,0,0,0,0,0
11259,1,8,0,0,0,0,0
14961,1,8,0,0,0,0,0
12167,1,8,0,0,0,0,0
30349,1,8,0,0,0,0,0
30524,1,8,0,0,0,0,0
12774,1,8,0,0,0,0,0
433,1,8,0,0,0,0,0
14482,1,8,0,0,0,0,0
10489,1,8,0,0,0,0,0
24751,1,8,0,0,0,0,0
15388,1,8,0,0,0,0,0
30210,1,8,0,0,0,0,0
25805,1,8,0,0,0,0,0
29026,1,8,0,0,0,0,0
1410,1,8,0,0,0,0,0
8424,1,8,0,0,0,0,0
18209,1,8,0,0,0,0,0
29350,1,8,0,0,0,0,0
8326,1,8,0,0,0,0,0
29150,1,8,0,0,0,0,0
21892,1,8,0,0,0,0,0
15716,1,8,0,0,0,0,0
16792,1,8,0,0,0,0,0
30973,1,8,0,0,0,0,0
23102,1,8,0,0,0,0,0
17354,1,8,0,0,0,0,0
30941,1,8,0,0,0,0,0
6903,1,8,0,0,0,0,0
25773,1,8,0,0,0,0,0
11757,1,8,0,0,0,0,0
5005,1,8,0,0,0,0,0
11744,1,8,0,0,0,0,0
27822,1,8,0,0,0,0,0
21757,1,8,0,0,0,0,0
6195,1,8,0,0,0,0,0
6603,1,8,0,0,0,0,0
25025,1,8,0,0,0,0,0
1619,1,8,0,0,0,0,0
21087,1,8,0,0,0,0,0
26503,1,8,0,0,0,0,0
16557,1,8,0,0,0,0,0
28739,1,8,0,0,0,0,0
26895,1,8,0,0,0,0,0
8439,1,8,0,0,0,0,0
32118,1,8,0,0,0,0,0
12033,1,8,0,0,0,0,0
29268,1,8,0,0,0,0,0
10796,1,8,0,0,0,0,0
20423,1,8,0,0,0,0,0
15640,1,8,0,0,0,0,0
14600,1,8,0,0,0,0,0
17074,1,8,0,0,0,0,0
27261,1,8,0,0,0,0,0
15342,1,8,0,0,0,0,0
19109,1,8,0,0,0,0,0
10154,1,8,0,0,0,0,0
18939,1,8,0,0,0,0,0
22792,1,8,0,0,0,0,0
6534,1,8,0,0,0,0,0
28817,1,8,0,0,0,0,0
30546,1,8,0,0,0,0,0
12521,1,8,0,0,0,0,0
14619,1,8,0,0,0,0,0
12854,1,8,0,0,0,0,0
26650,1,8,0,0,0,0,0
4929,1,8,0,0,0,0,0
4659,1,8,0,0,0,0,0
31079,1,8,0,0,0,0,0
32269,1,8,0,0,0,0,0
27830,1,8,0,0,0,0,0
12664,1,8,0,0,0,0,0
3095,1,8,0,0,0,0,0
2844,1,8,0,0,0,0,0
32689,1,8,0,0,0,0,0
1895,1,8,0,0,0,0,0
20556,1,8,0,0,0,0,0
6169,1,8,0,0,0,0,0
18459,1,8,0,0,0,0,0
14357,1,8,0,0,0,0,0
13695,1,8,0,0,0,0,0
21648,1,8,0,0,0,0,0
6451,1,8,0,0,0,0,0
5853,1,8,0,0,0,0,0
31792,1,8,0,0,0,0,0
23904,1,8,0,0,0,0,0
3912,1,8,0,0,0,0,0
27630,1,8,0,0,0,0,0
1831,1,8,0,0,0,0,0
18624,1,8,0,0,0,0,0
9413,1,8,0,0,0,0,0
5562,1,8,0,0,0,0,0
30091,1,8,0,0,0,0,0
15244,1,8,0,0,0,0,0
15071,1,8,0,0,0,0,0
1782,1,8,0,0,0,0,0
20030,1,8,0,0,0,0,0
9251,1,8,0,0,0,0,0
22518,1,8,0,0,0,0,0
5982,1,8,0,0,0,0,0
20939,1,8,0,0,0,0,0
21172,1,8,0,0,0,0,0
31277,1,8,0,0,0,0,0
7977,1,8,0,0,0,0,0
11142,1,8,0,0,0,0,0
29817,1,8,0,0,0,0,0
9948,1,8,0,0,0,0,0
10285,1,8,0,0,0,0,0
9186,1,8,0,0,0,0,0
24966,1,8,0,0,0,0,0
26206,1,8,0,0,0,0,0
13347,1,8,0,0,0,0,0
2216,1,8,0,0,0,0,0
27912,1,8,0,0,0,0,0
4092,1,8,0,0,0,0,0
17732,1,8,0,0,0,0,0
19052,1,8,0,0,0,0,0
27328,1,8,0,0,0,0,0
11007,1,8,0,0,0,0,0
26979,1,8,0,0,0,0,0
17979,1,8,0,0,0,0,0
18985,1,8,0,0,0,0,0
28951,1,8,0,0,0,0,0
3910,1,8,0,0,0,0,0
29291,1,8,0,0,0,0,0
17986,1,8,0,0,0,0,0
22666,1,8,0,0,0,0,0
29861,1,8,0,0,0,0,0
14242,1,8,0,0,0,0,0
9767,1,8,0,0,0,0,0
27372,1,8,0,0,0,0,0
24989,1,8,0,0,0,0,0
17536,1,8,0,0,0,0,0
23370,1,8,0,0,0,0,0
24055,1,8,0,0,0,0,0
14727,1,8,0,0,0,0,0
16038,1,8,0,0,0,0,0
3316,1,8,0,0,0,0,0
26052,1,8,0,0,0,0,0
32546,1,8,0,0,0,0,0
6473,1,8,0,0,0,0,0
20227,1,8,0,0,0,0,0
12210,1,8,0,0,0,0,0
17107,1,8,0,0,0,0,0
12084,1,8,0,0,0,0,0
3087,1,8,0,0,0,0,0
27734,1,8,0,0,0,0,0
9492,1,8,0,0,0,0,0
26625,1,8,0,0,0,0,0
15395,1,8,0,0,0,0,0
11371,1,8,0,0,0,0,0
5159,1,8,0,0,0,0,0
21854,1,8,0,0,0,0,0
311,1,8,0,0,0,0,0
19086,1,8,0,0,0,0,0
27294,1,8,0,0,0,0,0
17312,1,8,0,0,0,0,0
12034,1,8,0,0,0,0,0
31274,1,8,0,0,0,0,0
16651,1,8,0,0,0,0,0
10634,1,8,0,0,0,0,0
18848,1,8,0,0,0,0,0
16057,1,8,0,0,0,0,0
19392,1,8,0,0,0,0,0
25068,1,8,0,0,0,0,0
2545,1,8,0,0,0,0,0
27862,1,8,0,0,0,0,0
13241,1,8,0,0,0,0,0
2854,1,8,0,0,0,0,0
2111,1,8,0,0,0,0,0
18651,1,8,0,0,0,0,0
18211,1,8,0,0,0,0,0
5885,1,8,0,0,0,0,0
9496,1,8,0,0,0,0,0
7647,1,8,0,0,0,0,0
14018,1,8,0,0,0,0,0
31797,1,8,0,0,0,0,0
26237,1,8,0,0,0,0,0
22460,1,8,0,0,0,0,0
32422,1,8,0,0,0,0,0
20710,1,8,0,0,0,0,0
32417,1,8,0,0,0,0,0
30671,1,8,0,0,0,0,0
2101,1,8,0,0,0,0,0
15537,1,8,0,0,0,0,0
5859,1,8,0,0,0,0,0
24758,1,8,0,0,0,0,0
13232,1,8,0,0,0,0,0
2882,1,8,0,0,0,0,0
31173,1,8,0,0,0,0,0
20489,1,8,0,0,0,0,0
29652,1,8,0,0,0,0,0
8914,1,8,0,0,0,0,0
13516,1,8,0,0,0,0,0
17498,1,8,0,0,0,0,0
15169,1,8,0,0,0,0,0
25552,1,8,0,0,0,0,0
14924,1,8,0,0,0,0,0
24637,1,8,0,0,0,0,0
2955,1,8,0,0,0,0,0
14636,1,8,0,0,0,0,0
6242,1,8,0,0,0,0,0
6736,1,8,0,0,0,0,0
13379,1,8,0,0,0,0,0
26574,1,8,0,0,0,0,0
8809,1,8,0,0,0,0,0
32000,1,8,0,0,0,0,0
3150,1,8,0,0,0,0,0
21915,1,8,0,0,0,0,0
31803,1,8,0,0,0,0,0
15475,1,8,0,0,0,0,0
12052,1,8,0,0,0,0,0
27559,1,8,0,0,0,0,0
18828,1,8,0,0,0,0,0
21825,1,8,0,0,0,0,0
16906,1,8,0,0,0,0,0
15288,1,8,0,0,0,0,0
7473,1,8,0,0,0,0,0
1514,1,8,0,0,0,0,0
15237,1,8,0,0,0,0,0
2082,1,8,0,0,0,0,0
17112,1,8,0,0,0,0,0
11883,1,8,0,0,0,0,0
8278,1,8,0,0,0,0,0
16343,1,8,0,0,0,0,0
27099,1,8,0,0,0,0,0
28035,1,8,0,0,0,0,0
31133,1,8,0,0,0,0,0
11677,1,8,0,0,0,0,0
8307,1,8,0,0,0,0,0
12489,1,8,0,0,0,0,0
28475,1,8,0,0,0,0,0
6960,1,8,0,0,0,0,0
24265,1,8,0,0,0,0,0
18889,1,8,0,0,0,0,0
9643,1,8,0,0,0,0,0
31838,1,8,0,0,0,0,0
16279,1,8,0,0,0,0,0
2320,1,8,0,0,0,0,0
22727,1,8,0,0,0,0,0
17671,1,8,0,0,0,0,0
22497,1,8,0,0,0,0,0
8258,1,8,0,0,0,0,0
21510,1,8,0,0,0,0,0
24944,1,8,0,0,0,0,0
5198,1,8,0,0,0,0,0
18725,1,8,0,0,0,0,0
14511,1,8,0,0,0,0,0
11054,1,8,0,0,0,0,0
859,1,8,0,0,0,0,0
79,1,8,0,0,0,0,0
25233,1,8,0,0,0,0,0
32347,1,8,0,0,0,0,0
5090,1,8,0,0,0,0,0
4681,1,8,0,0,0,0,0
29348,1,8,0,0,0,0,0
567,1,8,0,0,0,0,0
6646,1,8,0,0,0,0,0
4800,1,8,0,0,0,0,0
1289,1,8,0,0,0,0,0
27646,1,8,0,0,0,0,0
6786,1,8,0,0,0,0,0
29673,1,8,0,0,0,0,0
19697,1,8,0,0,0,0,0
28926,1,8,0,0,0,0,0
19917,1,8,0,0,0,0,0
18647,1,8,0,0,0,0,0
26997,1,8,0,0,0,0,0
16373,1,8,0,0,0,0,0
229,1,8,0,0,0,0,0
6477,1,8,0,0,0,0,0
8448,1,8,0,0,0,0,0
10152,1,8,0,0,0,0,0
11748,1,8,0,0,0,0,0
14085,1,8,0,0,0,0,0
31861,1,8,0,0,0,0,0
8121,1,8,0,0,0,0,0
21698,1,8,0,0,0,0,0
14368,1,8,0,0,0,0,0
32657,1,8,0,0,0,0,0
18577,1,-8,0,0,0,0,0
2612,1,-8,0,0,0,0,0
1150,1,-8,0,0,0,0,0
25010,1,-8,0,0,0,0,0
23483,1,-8,0,0,0,0,0
20356,1,-8,0,0,0,0,0
29718,1,-8,0,0,0,0,0
10896,1,-8,0,0,0,0,0
18304,1,-8,0,0,0,0,0
22060,1,-8,0,0,0,0,0
15924,1,-8,0,0,0,0,0
21701,1,-8,0,0,0,0,0
22404,1,-8,0,0,0,0,0
14775,1,-8,0,0,0,0,0
12169,1,-8,0,0,0,0,0
23341,1,-8,0,0,0,0,0
18312,1,-8,0,0,0,0,0
22127,1,-8,0,0,0,0,0
26618,1,-8,0,0,0,0,0
32184,1,-8,0,0,0,0,0
26538,1,-8,0,0,0,0,0
25307,1,-8,0,0,0,0,0
9432,1,-8,0,0,0,0,0
22475,1,-8,0,0,0,0,0
19609,1,-8,0,0,0,0,0
23167,1,-8,0,0,0,0,0
10165,1,-8,0,0,0,0,0
8965,1,-8,0,0,0,0,0
27066,1,-8,0,0,0,0,0
5810,1,-8,0,0,0,0,0
11415,1,-8,0,0,0,0,0
15704,1,-8,0,0,0,0,0
31195,1,-8,0,0,0,0,0
32646,1,-8,0,0,0,0,0
28160,1,-8,0,0,0,0,0
27027,1,-8,0,0,0,0,0
17581,1,-8,0,0,0,0,0
21706,1,-8,0,0,0,0,0
19624,1,-8,0,0,0,0,0
4801,1,-8,0,0,0,0,0
28028,1,-8,0,0,0,0,0
19637,1,-8,0,0,0,0,0
28581,1,-8,0,0,0,0,0
10454,1,-8,0,0,0,0,0
19795,1,-8,0,0,0,0,0
26479,1,-8,0,0,0,0,0
2661,1,-8,0,0,0,0,0
8875,1,-8,0,0,0,0,0
18904,1,-8,0,0,0,0,0
20347,1,-8,0,0,0,0,0
4355,1,-8,0,0,0,0,0
18251,1,-8,0,0,0,0,0
18650,1,-8,0,0,0,0,0
14249,1,-8,0,0,0,0,0
30138,1,-8,0,0,0,0,0
27021,1,-8,0,0,0,0,0
31464,1,-8,0,0,0,0,0
14731,1,-8,0,0,0,0,0
17742,1,-8,0,0,0,0,0
328,1,-8,0,0,0,0,0
29852,1,-8,0,0,0,0,0
10054,1,-8,0,0,0,0,0
6514,1,-8,0,0,0,0,0
17215,1,-8,0,0,0,0,0
14666,1,-8,0,0,0,0,0
25150,1,-8,0,0,0,0,0
2804,1,-8,0,0,0,0,0
9904,1,-8,0,0,0,0,0
8230,1,-8,0,0,0,0,0
21040,1,-8,0,0,0,0,0
12282,1,-8,0,0,0,0,0
5434,1,-8,0,0,0,0,0
6051,1,-8,0,0,0,0,0
18235,1,-8,0,0,0,0,0
3287,1,-8,0,0,0,0,0
18087,1,-8,0,0,0,0,0
12597,1,-8,0,0,0,0,0
3668,1,-8,0,0,0,0,0
18025,1,-8,0,0,0,0,0
16957,1,-8,0,0,0,0,0
3310,1,-8,0,0,0,0,0
9177,1,-8,0,0,0,0,0
19723,1,-8,0,0,0,0,0
29839,1,-8,0,0,0,0,0
23704,1,-8,0,0,0,0,0
21977,1,-8,0,0,0,0,0
19406,1,-8,0,0,0,0,0
30515,1,-8,0,0,0,0,0
5907,1,-8,0,0,0,0,0
30245,1,-8,0,0,0,0,0
5503,1,-8,0,0,0,0,0
2317,1,-8,0,0,0,0,0
13922,1,-8,0,0,0,0,0
386,1,-8,0,0,0,0,0
6298,1,-8,0,0,0,0,0
32090,1,-8,0,0,0,0,0
5400,1,-8,0,0,0,0,0
24973,1,-8,0,0,0,0,0
20311,1,-8,0,0,0,0,0
23439,1,-8,0,0,0,0,0
2151,1,-8,0,0,0,0,0
16278,1,-8,0,0,0,0,0
15874,1,-8,0,0,0,0,0
23545,1,-8,0,0,0,0,0
32048,1,-8,0,0,0,0,0
17208,1,-8,0,0,0,0,0
25794,1,-8,0,0,0,0,0
17089,1,-8,0,0,0,0,0
16858,1,-8,0,0,0,0,0
10255,1,-8,0,0,0,0,0
23510,1,-8,0,0,0,0,0
31730,1,-8,0,0,0,0,0
23293,1,-8,0,0,0,0,0
6622,1,-8,0,0,0,0,0
31071,1,-8,0,0,0,0,0
12634,1,-8,0,0,0,0,0
13755,1,-8,0,0,0,0,0
17315,1,-8,0,0,0,0,0
5580,1,-8,0,0,0,0,0
3107,1,-8,0,0,0,0,0
20583,1,-8,0,0,0,0,0
4114,1,-8,0,0,0,0,0
2493,1,-8,0,0,0,0,0
8759,1,-8,0,0,0,0,0
18628,1,-8,0,0,0,0,0
8845,1,-8,0,0,0,0,0
23447,1,-8,0,0,0,0,0
30404,1,-8,0,0,0,0,0
5316,1,-8,0,0,0,0,0
8525,1,-8,0,0,0,0,0
1414,1,-8,0,0,0,0,0
22706,1,-8,0,0,0,0,0
29480,1,-8,0,0,0,0,0
20464,1,-8,0,0,0,0,0
682,1,-8,0,0,0,0,0
22464,1,-8,0,0,0,0,0
1356,1,-8,0,0,0,0,0
16611,1,-8,0,0,0,0,0
16268,1,-8,0,0,0,0,0
22311,1,-8,0,0,0,0,0
25571,1,-8,0,0,0,0,0
7376,1,-8,0,0,0,0,0
11461,1,-8,0,0,0,0,0
4658,1,-8,0,0,0,0,0
20124,1,-8,0,0,0,0,0
194,1,-8,0,0,0,0,0
16424,1,-8,0,0,0,0,0
19736,1,-8,0,0,0,0,0
7743,1,-8,0,0,0,0,0
18737,1,-8,0,0,0,0,0
3809,1,-8,0,0,0,0,0
22160,1,-8,0,0,0,0,0
6864,1,-8,0,0,0,0,0
23799,1,-8,0,0,0,0,0
20295,1,-8,0,0,0,0,0
476,1,-8,0,0,0,0,0
14458,1,-8,0,0,0,0,0
13402,1,-8,0,0,0,0,0
20350,1,-8,0,0,0,0,0
11483,1,-8,0,0,0,0,0
2979,1,-8,0,0,0,0,0
23816,1,-8,0,0,0,0,0
8521,1,-8,0,0,0,0,0
12543,1,-8,0,0,0,0,0
6846,1,-8,0,0,0,0,0
20201,1,-8,0,0,0,0,0
2569,1,-8,0,0,0,0,0
10252,1,-8,0,0,0,0,0
18425,1,-8,0,0,0,0,0
16777,1,-8,0,0,0,0,0
469,1,-8,0,0,0,0,0
14214,1,-8,0,0,0,0,0
25983,1,-8,0,0,0,0,0
11654,1,-8,0,0,0,0,0
32122,1,-8,0,0,0,0,0
28004,1,-8,0,0,0,0,0
31349,1,-8,0,0,0,0,0
16097,1,-8,0,0,0,0,0
17096,1,-8,0,0,0,0,0
15095,1,-8,0,0,0,0,0
9415,1,-8,0,0,0,0,0
28964,1,-8,0,0,0,0,0
25180,1,-8,0,0,0,0,0
30923,1,-8,0,0,0,0,0
9348,1,-8,0,0,0,0,0
20804,1,-8,0,0,0,0,0
18255,1,-8,0,0,0,0,0
3563,1,-8,0,0,0,0,0
7831,1,-8,0,0,0,0,0
29814,1,-8,0,0,0,0,0
21862,1,-8,0,0,0,0,0
29473,1,-8,0,0,0,0,0
32024,1,-8,0,0,0,0,0
3772,1,-8,0,0,0,0,0
32350,1,-8,0,0,0,0,0
6948,1,-8,0,0,0,0,0
30384,1,-8,0,0,0,0,0
31504,1,-8,0,0,0,0,0
25824,1,-8,0,0,0,0,0
10317,1,-8,0,0,0,0,0
13441,1,-8,0,0,0,0,0
23408,1,-8,0,0,0,0,0
27129,1,-8,0,0,0,0,0
21968,1,-8,0,0,0,0,0
15764,1,-8,0,0,0,0,0
19814,1,-8,0,0,0,0,0
11273,1,-8,0,0,0,0,0
10708,1,-8,0,0,0,0,0
17310,1,-8,0,0,0,0,0
16303,1,-8,0,0,0,0,0
21865,1,-8,0,0,0,0,0
17410,1,-8,0,0,0,0,0
4754,1,-8,0,0,0,0,0
17786,1,-8,0,0,0,0,0
14377,1,-8,0,0,0,0,0
16737,1,-8,0,0,0,0,0
31120,1,-8,0,0,0,0,0
22209,1,-8,0,0,0,0,0
30736,1,-8,0,0,0,0,0
25913,1,-8,0,0,0,0,0
6821,1,-8,0,0,0,0,0
26971,1,-8,0,0,0,0,0
29469,1,-8,0,0,0,0,0
16896,1,-8,0,0,0,0,0
26894,1,-8,0,0,0,0,0
4952,1,-8,0,0,0,0,0
563,1,-8,0,0,0,0,0
16668,1,-8,0,0,0,0,0
22136,1,-8,0,0,0,0,0
28655,1,-8,0,0,0,0,0
16649,1,-8,0,0,0,0,0
26905,1,-8,0,0,0,0,0
22963,1,-8,0,0,0,0,0
8631,1,-8,0,0,0,0,0
10665,1,-8,0,0,0,0,0
91,1,-8,0,0,0,0,0
17989,1,-8,0,0,0,0,0
30035,1,-8,0,0,0,0,0
391,1,-8,0,0,0,0,0
25945,1,-8,0,0,0,0,0
28788,1,-8,0,0,0,0,0
24094,1,-8,0,0,0,0,0
8963,1,-8,0,0,0,0,0
66,1,-8,0,0,0,0,0
3415,1,-8,0,0,0,0,0
8303,1,-8,0,0,0,0,0
8888,1,-8,0,0,0,0,0
28497,1,-8,0,0,0,0,0
27158,1,-8,0,0,0,0,0
3517,1,-8,0,0,0,0,0
15350,1,-8,0,0,0,0,0
23711,1,-8,0,0,0,0,0
21566,1,-8,0,0,0,0,0
32459,1,-8,0,0,0,0,0
15904,1,-8,0,0,0,0,0
8618,1,-8,0,0,0,0,0
7192,1,-8,0,0,0,0,0
13168,1,-8,0,0,0,0,0
23686,1,-8,0,0,0,0,0
19045,1,-8,0,0,0,0,0
23290,1,-8,0,0,0,0,0
28864,1,-8,0,0,0,0,0
10548,1,-8,0,0,0,0,0
12981,1,-8,0,0,0,0,0
10491,1,-8,0,0,0,0,0
5249,1,-8,0,0,0,0,0
17450,1,-8,0,0,0,0,0
394,1,-8,0,0,0,0,0
1700,1,-8,0,0,0,0,0
14109,1,-8,0,0,0,0,0
21804,1,-8,0,0,0,0,0
24390,1,-8,0,0,0,0,0
10029,1,-8,0,0,0,0,0
22987,1,-8,0,0,0,0,0
23481,1,-8,0,0,0,0,0
1225,1,-8,0,0,0,0,0
27809,1,-8,0,0,0,0,0
10675,1,-8,0,0,0,0,0
7683,1,-8,0,0,0,0,0
11916,1,-8,0,0,0,0,0
14061,1,-8,0,0,0,0,0
28938,1,-8,0,0,0,0,0
11914,1,-8,0,0,0,0,0
27592,1,-8,0,0,0,0,0
25015,1,-8,0,0,0,0,0
27647,1,-8,0,0,0,0,0
30690,1,-8,0,0,0,0,0
21362,1,-8,0,0,0,0,0
22194,1,-8,0,0,0,0,0
8635,1,-8,0,0,0,0,0
23790,1,-8,0,0,0,0,0
2475,1,-8,0,0,0,0,0
2280,1,-8,0,0,0,0,0
32448,1,-8,0,0,0,0,0
4765,1,-8,0,0,0,0,0
14929,1,-8,0,0,0,0,0
12114,1,-8,0,0,0,0,0
2773,1,-8,0,0,0,0,0
11817,1,-8,0,0,0,0,0
16342,1,-8,0,0,0,0,0
26135,1,-8,0,0,0,0,0
25735,1,-8,0,0,0,0,0
6521,1,-8,0,0,0,0,0
21056,1,-8,0,0,0,0,0
12120,1,-8,0,0,0,0,0
1884,1,-8,0,0,0,0,0
2471,1,-8,0,0,0,0,0
13469,1,-8,0,0,0,0,0
28127,1,-8,0,0,0,0,0
7470,1,-8,0,0,0,0,0
26688,1,-8,0,0,0,0,0
29399,1,-8,0,0,0,0,0
15595,1,-8,0,0,0,0,0
19447,1,-8,0,0,0,0,0
11437,1,-8,0,0,0,0,0
5800,1,-8,0,0,0,0,0
22869,1,-8,0,0,0,0,0
24543,1,-8,0,0,0,0,0
7480,1,-8,0,0,0,0,0
30815,1,-8,0,0,0,0,0
7822,1,-8,0,0,0,0,0
10766,1,-8,0,0,0,0,0
21143,1,-8,0,0,0,0,0
3762,1,-8,0,0,0,0,0
9630,1,-8,0,0,0,0,0
11569,1,-8,0,0,0,0,0
6243,1,-8,0,0,0,0,0
16157,1,-8,0,0,0,0,0
22134,1,-8,0,0,0,0,0
6890,1,-8,0,0,0,0,0
168,1,-8,0,0,0,0,0
11423,1,-8,0,0,0,0,0
9856,1,-8,0,0,0,0,0
26777,1,-8,0,0,0,0,0
10740,1,-8,0,0,0,0,0
6607,1,-8,0,0,0,0,0
7206,1,-8,0,0,0,0,0
7906,1,-8,0,0,0,0,0
4534,1,-8,0,0,0,0,0
18382,1,-8,0,0,0,0,0
25291,1,-8,0,0,0,0,0
21790,1,-8,0,0,0,0,0
15542,1,-8,0,0,0,0,0
10638,1,-8,0,0,0,0,0
5117,1,-8,0,0,0,0,0
10141,1,-8,0,0,0,0,0
18442,1,-8,0,0,0,0,0
18146,1,-8,0,0,0,0,0
519,1,-8,0,0,0,0,0
15070,1,-8,0,0,0,0,0
10571,1,-8,0,0,0,0,0
6037,1,-8,0,0,0,0,0
13070,1,-8,0,0,0,0,0
20631,1,-8,0,0,0,0,0
22995,1,-8,0,0,0,0,0
5449,1,-8,0,0,0,0,0
10481,1,-8,0,0,0,0,0
19494,1,-8,0,0,0,0,0
29419,1,-8,0,0,0,0,0
6,1,-8,0,0,0,0,0
7626,1,-8,0,0,0,0,0
16139,1,-8,0,0,0,0,0
2088,1,-8,0,0,0,0,0
21288,1,-8,0,0,0,0,0
7510,1,-8,0,0,0,0,0
14164,1,-8,0,0,0,0,0
10894,1,-8,0,0,0,0,0
16717,1,-8,0,0,0,0,0
28852,1,-8,0,0,0,0,0
16203,1,-8,0,0,0,0,0
19064,1,-8,0,0,0,0,0
18698,1,-8,0,0,0,0,0
26399,1,-8,0,0,0,0,0
8648,1,-8,0,0,0,0,0
9210,1,-8,0,0,0,0,0
8285,1,-8,0,0,0,0,0
17472,1,-8,0,0,0,0,0
15729,1,-8,0,0,0,0,0
21658,1,-8,0,0,0,0,0
20776,1,-8,0,0,0,0,0
16407,1,-8,0,0,0,0,0
16722,1,-8,0,0,0,0,0
23396,1,-8,0,0,0,0,0
16605,1,-8,0,0,0,0,0
10990,1,-8,0,0,0,0,0
32647,1,-8,0,0,0,0,0
22295,1,-8,0,0,0,0,0
18633,1,-8,0,0,0,0,0
1251,1,-8,0,0,0,0,0
2562,1,-8,0,0,0,0,0
25303,1,-8,0,0,0,0,0
21665,1,-8,0,0,0,0,0
22421,1,-8,0,0,0,0,0
30427,1,-8,0,0,0,0,0
22303,1,-8,0,0,0,0,0
11488,1,-8,0,0,0,0,0
19383,1,-8,0,0,0,0,0
16665,1,-8,0,0,0,0,0
7802,1,-8,0,0,0,0,0
13014,1,-8,0,0,0,0,0
22966,1,-8,0,0,0,0,0
24203,1,-8,0,0,0,0,0
7077,1,-8,0,0,0,0,0
6836,1,-8,0,0,0,0,0
16147,1,-8,0,0,0,0,0
19722,1,-8,0,0,0,0,0
1920,1,-8,0,0,0,0,0
23044,1,-8,0,0,0,0,0
397,1,-8,0,0,0,0,0
12659,1,-8,0,0,0,0,0
7403,1,-8,0,0,0,0,0
14695,1,-8,0,0,0,0,0
6904,1,-8,0,0,0,0,0
11104,1,-8,0,0,0,0,0
2086,1,-8,0,0,0,0,0
10941,1,-8,0,0,0,0,0
25856,1,-8,0,0,0,0,0
10909,1,-8,0,0,0,0,0
822,1,-8,0,0,0,0,0
19024,1,-8,0,0,0,0,0
575,1,-8,0,0,0,0,0
32303,1,-8,0,0,0,0,0
4751,1,-8,0,0,0,0,0
4176,1,-8,0,0,0,0,0
4513,1,-8,0,0,0,0,0
1717,1,-8,0,0,0,0,0
31030,1,-8,0,0,0,0,0
9571,1,-8,0,0,0,0,0
15450,1,-8,0,0,0,0,0
242,1,-8,0,0,0,0,0
20552,1,-8,0,0,0,0,0
6750,1,-8,0,0,0,0,0
15581,1,-8,0,0,0,0,0
32086,1,-8,0,0,0,0,0
7320,1,-8,0,0,0,0,0
4449,1,-8,0,0,0,0,0
16108,1,-8,0,0,0,0,0
2729,1,-8,0,0,0,0,0
17858,1,-8,0,0,0,0,0
27651,1,-8,0,0,0,0,0
8956,1,-8,0,0,0,0,0
25505,1,-8,0,0,0,0,0
22,1,-8,0,0,0,0,0
7469,1,-8,0,0,0,0,0
24994,1,-8,0,0,0,0,0
30465,1,-8,0,0,0,0,0
3633,1,-8,0,0,0,0,0
23925,1,-8,0,0,0,0,0
10800,1,-8,0,0,0,0,0
8560,1,-8,0,0,0,0,0
13559,1,-8,0,0,0,0,0
10270,1,-8,0,0,0,0,0
9418,1,-8,0,0,0,0,0
8752,1,-8,0,0,0,0,0
32102,1,-8,0,0,0,0,0
25691,1,-8,0,0,0,0,0
24971,1,-8,0,0,0,0,0
12527,1,-8,0,0,0,0,0
2872,1,-8,0,0,0,0,0
4401,1,-8,0,0,0,0,0
17333,1,-8,0,0,0,0,0
4997,1,-8,0,0,0,0,0
981,1,-8,0,0,0,0,0
2754,1,-8,0,0,0,0,0
26125,1,-8,0,0,0,0,0
3643,1,-8,0,0,0,0,0
3838,1,-8,0,0,0,0,0
18198,1,-8,0,0,0,0,0
18069,1,-8,0,0,0,0,0
17375,1,-8,0,0,0,0,0
24405,1,-8,0,0,0,0,0
3537,1,-8,0,0,0,0,0
25712,1,-8,0,0,0,0,0
18086,1,-8,0,0,0,0,0
2116,1,-8,0,0,0,0,0
8840,1,-8,0,0,0,0,0
4279,1,-8,0,0,0,0,0
26755,1,-8,0,0,0,0,0
32295,1,-8,0,0,0,0,0
7663,1,-8,0,0,0,0,0
19184,1,-8,0,0,0,0,0
29831,1,-8,0,0,0,0,0
1537,1,-8,0,0,0,0,0
7421,1,-8,0,0,0,0,0
6926,1,-8,0,0,0,0,0
4361,1,-8,0,0,0,0,0
2380,1,-8,0,0,0,0,0
14173,1,-8,0,0,0,0,0
20639,1,-8,0,0,0,0,0
15289,1,-8,0,0,0,0,0
1580,1,-8,0,0,0,0,0
1898,1,-8,0,0,0,0,0
16360,1,-8,0,0,0,0,0
5659,1,-8,0,0,0,0,0
16288,1,-8,0,0,0,0,0
13767,1,-8,0,0,0,0,0
12103,1,-8,0,0,0,0,0
31050,1,-8,0,0,0,0,0
26786,1,-8,0,0,0,0,0
19209,1,-8,0,0,0,0,0
18722,1,-8,0,0,0,0,0
2115,1,-8,0,0,0,0,0
13646,1,-8,0,0,0,0,0
4556,1,-8,0,0,0,0,0
3492,1,-8,0,0,0,0,0
26872,1,-8,0,0,0,0,0
22927,1,-8,0,0,0,0,0
11268,1,-8,0,0,0,0,0
24425,1,-8,0,0,0,0,0
11336,1,-8,0,0,0,0,0
3997,1,-8,0,0,0,0,0
11725,1,-8,0,0,0,0,0
19058,1,-8,0,0,0,0,0
2227,1,-8,0,0,0,0,0
1023,1,-8,0,0,0,0,0
26893,1,-8,0,0,0,0,0
2165,1,-8,0,0,0,0,0
10998,1,-8,0,0,0,0,0
702,1,-8,0,0,0,0,0
26640,1,-8,0,0,0,0,0
9064,1,-8,0,0,0,0,0
16578,1,-8,0,0,0,0,0
7876,1,-8,0,0,0,0,0
21465,1,-8,0,0,0,0,0
7840,1,-8,0,0,0,0,0
27539,1,-8,0,0,0,0,0
16817,1,-8,0,0,0,0,0
7232,1,-8,0,0,0,0,0
17318,1,-8,0,0,0,0,0
22073,1,-8,0,0,0,0,0
16113,1,-8,0,0,0,0,0
20756,1,-8,0,0,0,0,0
18800,1,-8,0,0,0,0,0
28900,1,-8,0,0,0,0,0
7661,1,-8,0,0,0,0,0
1362,1,-8,0,0,0,0,0
12871,1,-8,0,0,0,0,0
555,1,-8,0,0,0,0,0
15869,1,-8,0,0,0,0,0
17937,1,-8,0,0,0,0,0
26715,1,-8,0,0,0,0,0
12613,1,-8,0,0,0,0,0
25145,1,-8,0,0,0,0,0
13536,1,-8,0,0,0,0,0
1216,1,-8,0,0,0,0,0
10419,1,-8,0,0,0,0,0
30989,1,-8,0,0,0,0,0
28348,1,-8,0,0,0,0,0
4960,1,-8,0,0,0,0,0
147,1,-8,0,0,0,0,0
23465,1,-8,0,0,0,0,0
6997,1,-8,0,0,0,0,0
18302,1,-8,0,0,0,0,0
16811,1,-8,0,0,0,0,0
13928,1,-8,0,0,0,0,0
27654,1,-8,0,0,0,0,0
26105,1,-8,0,0,0,0,0
7272,1,-8,0,0,0,0,0
17506,1,-8,0,0,0,0,0
29061,1,-8,0,0,0,0,0
4266,1,-8,0,0,0,0,0
8862,1,-8,0,0,0,0,0
3029,1,-8,0,0,0,0,0
29322,1,-8,0,0,0,0,0
7821,1,-8,0,0,0,0,0
11157,1,-8,0,0,0,0,0
29640,1,-8,0,0,0,0,0
21240,1,-8,0,0,0,0,0
13541,1,-8,0,0,0,0,0
19815,1,-8,0,0,0,0,0
18670,1,-8,0,0,0,0,0
29285,1,-8,0,0,0,0,0
6551,1,-8,0,0,0,0,0
21656,1,-8,0,0,0,0,0
24956,1,-8,0,0,0,0,0
7494,1,-8,0,0,0,0,0
3648,1,-8,0,0,0,0,0
1784,1,-8,0,0,0,0,0
11391,1,-8,0,0,0,0,0
39,1,-8,0,0,0,0,0
24666,1,-8,0,0,0,0,0
23727,1,-8,0,0,0,0,0
16760,1,-8,0,0,0,0,0
28154,1,-8,0,0,0,0,0
19153,1,-8,0,0,0,0,0
3877,1,-8,0,0,0,0,0
6708,1,-8,0,0,0,0,0
8067,1,-8,0,0,0,0,0
8190,1,-8,0,0,0,0,0
322,1,-8,0,0,0,0,0
14918,1,-8,0,0,0,0,0
7110,1,-8,0,0,0,0,0
403,1,-8,0,0,0,0,0
28757,1,-8,0,0,0,0,0
14923,1,-8,0,0,0,0,0
13757,1,-8,0,0,0,0,0
5209,1,-8,0,0,0,0,0
14248,1,-8,0,0,0,0,0
20846,1,-8,0,0,0,0,0
29219,1,-8,0,0,0,0,0
27282,1,-8,0,0,0,0,0
10354,1,-8,0,0,0,0,0
7961,1,-8,0,0,0,0,0
31505,1,-8,0,0,0,0,0
20657,1,-8,0,0,0,0,0
24954,1,-8,0,0,0,0,0
28266,1,-8,0,0,0,0,0
13139,1,-8,0,0,0,0,0
12150,1,-8,0,0,0,0,0
22925,1,-8,0,0,0,0,0
28792,1,-8,0,0,0,0,0
14416,1,-8,0,0,0,0,0
24262,1,-8,0,0,0,0,0
12688,1,-8,0,0,0,0,0
25547,1,-8,0,0,0,0,0
12434,1,-8,0,0,0,0,0
17513,1,-8,0,0,0,0,0
2598,1,-8,0,0,0,0,0
31831,1,-8,0,0,0,0,0
22250,1,-8,0,0,0,0,0
22224,1,-8,0,0,0,0,0
4069,1,-8,0,0,0,0,0
6524,1,-8,0,0,0,0,0
21356,1,-8,0,0,0,0,0
3308,1,-8,0,0,0,0,0
22053,1,-8,0,0,0,0,0
25048,1,-8,0,0,0,0,0
6467,1,-8,0,0,0,0,0
1424,1,-8,0,0,0,0,0
13991,1,-8,0,0,0,0,0
29846,1,-8,0,0,0,0,0
9860,1,-8,0,0,0,0,0
23435,1,-8,0,0,0,0,0
27188,1,-8,0,0,0,0,0
13308,1,-8,0,0,0,0,0
12331,1,-8,0,0,0,0,0
16785,1,-8,0,0,0,0,0
1259,1,-8,0,0,0,0,0
27826,1,-8,0,0,0,0,0
21468,1,-8,0,0,0,0,0
14541,1,-8,0,0,0,0,0
5911,1,-8,0,0,0,0,0
27137,1,-8,0,0,0,0,0
4530,1,-8,0,0,0,0,0
19770,1,-8,0,0,0,0,0
21076,1,-8,0,0,0,0,0
1089,1,-8,0,0,0,0,0
3292,1,-8,0,0,0,0,0
18728,1,-8,0,0,0,0,0
28162,1,-8,0,0,0,0,0
23411,1,-8,0,0,0,0,0
25817,1,-8,0,0,0,0,0
29056,1,-8,0,0,0,0,0
27464,1,-8,0,0,0,0,0
3251,1,-8,0,0,0,0,0
13332,1,-8,0,0,0,0,0
5774,1,-8,0,0,0,0,0
17939,1,-8,0,0,0,0,0
32191,1,-8,0,0,0,0,0
18400,1,-8,0,0,0,0,0
11667,1,-8,0,0,0,0,0
31054,1,-8,0,0,0,0,0
4234,1,-8,0,0,0,0,0
21293,1,-8,0,0,0,0,0
21751,1,-8,0,0,0,0,0
9424,1,-8,0,0,0,0,0
10423,1,-8,0,0,0,0,0
26351,1,-8,0,0,0,0,0
96,1,-8,0,0,0,0,0
9848,1,-8,0,0,0,0,0
20186,1,-8,0,0,0,0,0
20735,1,-8,0,0,0,0,0
1995,1,-8,0,0,0,0,0
26088,1,-8,0,0,0,0,0
23412,1,-8,0,0,0,0,0
7428,1,-8,0,0,0,0,0
4484,1,-8,0,0,0,0,0
26089,1,-8,0,0,0,0,0
9308,1,-8,0,0,0,0,0
32599,1,-8,0,0,0,0,0
21318,1,-8,0,0,0,0,0
20044,1,-8,0,0,0,0,0
29888,1,-8,0,0,0,0,0
15051,1,-8,0,0,0,0,0
14009,1,-8,0,0,0,0,0
13703,1,-8,0,0,0,0,0
26952,1,-8,0,0,0,0,0
14137,1,-8,0,0,0,0,0
4204,1,-8,0,0,0,0,0
28150,1,-8,0,0,0,0,0
17051,1,-8,0,0,0,0,0
11701,1,-8,0,0,0,0,0
21885,1,-8,0,0,0,0,0
2805,1,-8,0,0,0,0,0
19557,1,-8,0,0,0,0,0
4925,1,-8,0,0,0,0,0
14456,1,-8,0,0,0,0,0
7784,1,-8,0,0,0,0,0
31434,1,-8,0,0,0,0,0
7325,1,-8,0,0,0,0,0
1467,1,-8,0,0,0,0,0
646,1,-8,0,0,0,0,0
3611,1,-8,0,0,0,0,0
10485,1,-8,0,0,0,0,0
31525,1,-8,0,0,0,0,0
21148,1,-8,0,0,0,0,0
15930,1,-8,0,0,0,0,0
1794,1,-8,0,0,0,0,0
17011,1,-8,0,0,0,0,0
26191,1,-8,0,0,0,0,0
22263,1,-8,0,0,0,0,0
11514,1,-8,0,0,0,0,0
7612,1,-8,0,0,0,0,0
17006,1,-8,0,0,0,0,0
32317,1,-8,0,0,0,0,0
14635,1,-8,0,0,0,0,0
18779,1,-8,0,0,0,0,0
9960,1,-8,0,0,0,0,0
22081,1,-8,0,0,0,0,0
6922,1,-8,0,0,0,0,0
9335,1,-8,0,0,0,0,0
17391,1,-8,0,0,0,0,0
12316,1,-8,0,0,0,0,0
26953,1,-8,0,0,0,0,0
13606,1,-8,0,0,0,0,0
11316,1,-8,0,0,0,0,0
1858,1,-8,0,0,0,0,0
15682,1,-8,0,0,0,0,0
23742,1,-8,0,0,0,0,0
25576,1,-8,0,0,0,0,0
20384,1,-8,0,0,0,0,0
11753,1,-8,0,0,0,0,0
3642,1,-8,0,0,0,0,0
23997,1,-8,0,0,0,0,0
9693,1,-8,0,0,0,0,0
27678,1,-8,0,0,0,0,0
1223,1,-8,0,0,0,0,0
3281,1,-8,0,0,0,0,0
21474,1,-8,0,0,0,0,0
26393,1,-8,0,0,0,0,0
12343,1,-8,0,0,0,0,0
11500,1,-8,0,0,0,0,0
23046,1,-8,0,0,0,0,0
5543,1,-8,0,0,0,0,0
12430,1,-8,0,0,0,0,0
29465,1,-8,0,0,0,0,0
24800,1,-8,0,0,0,0,0
22293,1,-8,0,0,0,0,0
2843,1,-8,0,0,0,0,0
7872,1,-8,0,0,0,0,0
29255,1,-8,0,0,0,0,0
18526,1,-8,0,0,0,0,0
23556,1,-8,0,0,0,0,0
22291,1,-8,0,0,0,0,0
17313,1,-8,0,0,0,0,0
6916,1,-8,0,0,0,0,0
1790,1,-8,0,0,0,0,0
27077,1,-8,0,0,0,0,0
31536,1,-8,0,0,0,0,0
17763,1,-8,0,0,0,0,0
19213,1,-8,0,0,0,0,0
31899,1,-8,0,0,0,0,0
20073,1,-8,0,0,0,0,0
13686,1,-8,0,0,0,0,0
29186,1,-8,0,0,0,0,0
4489,1,-8,0,0,0,0,0
30979,1,-8,0,0,0,0,0
14984,1,-8,0,0,0,0,0
28296,1,-8,0,0,0,0,0
10502,1,-8,0,0,0,0,0
1095,1,-8,0,0,0,0,0
9841,1,-8,0,0,0,0,0
31817,1,-8,0,0,0,0,0
31874,1,-8,0,0,0,0,0
21543,1,-8,0,0,0,0,0
7636,1,-8,0,0,0,0,0
16243,1,-8,0,0,0,0,0
12285,1,-8,0,0,0,0,0
25160,1,-8,0,0,0,0,0
28208,1,-8,0,0,0,0,0
28003,1,-8,0,0,0,0,0
8459,1,-8,0,0,0,0,0
19773,1,-8,0,0,0,0,0
2105,1,-8,0,0,0,0,0
11847,1,-8,0,0,0,0,0
27696,1,-8,0,0,0,0,0
31871,1,-8,0,0,0,0,0
22199,1,-8,0,0,0,0,0
29121,1,-8,0,0,0,0,0
22184,1,-8,0,0,0,0,0
8219,1,-8,0,0,0,0,0
5529,1,-8,0,0,0,0,0
8676,1,-8,0,0,0,0,0
26170,1,-8,0,0,0,0,0
17625,1,-8,0,0,0,0,0
1681,1,-8,0,0,0,0,0
27264,1,-8,0,0,0,0,0
10953,1,-8,0,0,0,0,0
14290,1,-8,0,0,0,0,0
26269,1,-8,0,0,0,0,0
5946,1,-8,0,0,0,0,0
27405,1,-8,0,0,0,0,0
12868,1,-8,0,0,0,0,0
13504,1,-8,0,0,0,0,0
21535,1,-8,0,0,0,0,0
24858,1,-8,0,0,0,0,0
2966,1,-8,0,0,0,0,0
29716,1,-8,0,0,0,0,0
5506,1,-8,0,0,0,0,0
28813,1,-8,0,0,0,0,0
18150,1,-8,0,0,0,0,0
14533,1,-8,0,0,0,0,0
27097,1,-8,0,0,0,0,0
15549,1,-8,0,0,0,0,0
29140,1,-8,0,0,0,0,0
8548,1,-8,0,0,0,0,0
15613,1,-8,0,0,0,0,0
30810,1,-8,0,0,0,0,0
5219,1,-8,0,0,0,0,0
19430,1,-8,0,0,0,0,0
7575,1,-8,0,0,0,0,0
4631,1,-8,0,0,0,0,0
1435,1,-8,0,0,0,0,0
1276,1,-8,0,0,0,0,0
22456,1,-8,0,0,0,0,0
27740,1,-8,0,0,0,0,0
18044,1,-8,0,0,0,0,0
18061,1,-8,0,0,0,0,0
4238,1,-8,0,0,0,0,0
17430,1,-8,0,0,0,0,0
30452,1,-8,0,0,0,0,0
20633,1,-8,0,0,0,0,0
5675,1,-8,0,0,0,0,0
18730,1,-8,0,0,0,0,0
21519,1,-8,0,0,0,0,0
30134,1,-8,0,0,0,0,0
10351,1,-8,0,0,0,0,0
23062,1,-8,0,0,0,0,0
30098,1,-8,0,0,0,0,0
32180,1,-8,0,0,0,0,0
16316,1,-8,0,0,0,0,0
22361,1,-8,0,0,0,0,0
9561,1,-8,0,0,0,0,0
25864,1,-8,0,0,0,0,0
2177,1,-8,0,0,0,0,0
9842,1,-8,0,0,0,0,0
29658,1,-8,0,0,0,0,0
13786,1,-8,0,0,0,0,0
31999,1,-8,0,0,0,0,0
14034,1,-8,0,0,0,0,0
224,1,-8,0,0,0,0,0
5794,1,-8,0,0,0,0,0
11928,1,-8,0,0,0,0,0
26935,1,-8,0,0,0,0,0
28557,1,-8,0,0,0,0,0
7809,1,-8,0,0,0,0,0
2755,1,-8,0,0,0,0,0
14255,1,-8,0,0,0,0,0
24828,1,-8,0,0,0,0,0
22459,1,-8,0,0,0,0,0
29199,1,-8,0,0,0,0,0
647,1,-8,0,0,0,0,0
13233,1,-8,0,0,0,0,0
18803,1,-8,0,0,0,0,0
27550,1,-8,0,0,0,0,0
2980,1,-8,0,0,0,0,0
27390,1,-8,0,0,0,0,0
3198,1,-8,0,0,0,0,0
14356,1,-8,0,0,0,0,0
5584,1,-8,0,0,0,0,0
15098,1,-8,0,0,0,0,0
7771,1,-8,0,0,0,0,0
15056,1,-8,0,0,0,0,0
31709,1,-8,0,0,0,0,0
27309,1,-8,0,0,0,0,0
14190,1,-8,0,0,0,0,0
2571,1,-8,0,0,0,0,0
13650,1,-8,0,0,0,0,0
30128,1,-8,0,0,0,0,0
4660,1,-8,0,0,0,0,0
839,1,-8,0,0,0,0,0
13200,1,-8,0,0,0,0,0
14066,1,-8,0,0,0,0,0
4320,1,-8,0,0,0,0,0
146,1,-8,0,0,0,0,0
22566,1,-8,0,0,0,0,0
4937,1,-8,0,0,0,0,0
16458,1,-8,0,0,0,0,0
4186,1,-8,0,0,0,0,0
11581,1,-8,0,0,0,0,0
2728,1,-8,0,0,0,0,0
29294,1,-8,0,0,0,0,0
13902,1,-8,0,0,0,0,0
31883,1,-8,0,0,0,0,0
30842,1,-8,0,0,0,0,0
25628,1,-8,0,0,0,0,0
3375,1,-8,0,0,0,0,0
30586,1,-8,0,0,0,0,0
16551,1,-8,0,0,0,0,0
27951,1,-8,0,0,0,0,0
18763,1,-8,0,0,0,0,0
18416,1,-8,0,0,0,0,0
24071,1,-8,0,0,0,0,0
26794,1,-8,0,0,0,0,0
1114,1,-8,0,0,0,0,0
16809,1,-8,0,0,0,0,0
14024,1,-8,0,0,0,0,0
6531,1,-8,0,0,0,0,0
8826,1,-8,0,0,0,0,0
17864,1,-8,0,0,0,0,0
9020,1,-8,0,0,0,0,0
26284,1,-8,0,0,0,0,0
1463,1,-8,0,0,0,0,0
28204,1,-8,0,0,0,0,0
6548,1,-8,0,0,0,0,0
32125,1,-8,0,0,0,0,0
16060,1,-8,0,0,0,0,0
4693,1,-8,0,0,0,0,0
28124,1,-8,0,0,0,0,0
27958,1,-8,0,0,0,0,0
16497,1,-8,0,0,0,0,0
20066,1,-8,0,0,0,0,0
28430,1,-8,0,0,0,0,0
24501,1,-8,0,0,0,0,0
20749,1,-8,0,0,0,0,0
389,1,-8,0,0,0,0,0
19471,1,-8,0,0,0,0,0
22083,1,-8,0,0,0,0,0
27375,1,-8,0,0,0,0,0
11335,1,-8,0,0,0,0,0
23144,1,-8,0,0,0,0,0
14922,1,-8,0,0,0,0,0
13309,1,-8,0,0,0,0,0
10293,1,-8,0,0,0,0,0
18445,1,-8,0,0,0,0,0
29975,1,-8,0,0,0,0,0
26265,1,-8,0,0,0,0,0
23049,1,-8,0,0,0,0,0
10440,1,-8,0,0,0,0,0
31145,1,-8,0,0,0,0,0
22952,1,-8,0,0,0,0,0
2699,1,-8,0,0,0,0,0
4907,1,-8,0,0,0,0,0
27754,1,-8,0,0,0,0,0
29334,1,-8,0,0,0,0,0
17934,1,-8,0,0,0,0,0
491,1,-8,0,0,0,0,0
9589,1,-8,0,0,0,0,0
511,1,-8,0,0,0,0,0
21969,1,-8,0,0,0,0,0
13638,1,-8,0,0,0,0,0
30881,1,-8,0,0,0,0,0
12241,1,-8,0,0,0,0,0
19824,1,-8,0,0,0,0,0
20525,1,-8,0,0,0,0,0
10429,1,-8,0,0,0,0,0
28953,1,-8,0,0,0,0,0
2500,1,-8,0,0,0,0,0
10838,1,-8,0,0,0,0,0
22529,1,-8,0,0,0,0,0
25498,1,-8,0,0,0,0,0
25802,1,-8,0,0,0,0,0
29706,1,-8,0,0,0,0,0
23440,1,-8,0,0,0,0,0
28152,1,-8,0,0,0,0,0
6555,1,-8,0,0,0,0,0
13706,1,-8,0,0,0,0,0
993,1,-8,0,0,0,0,0
14882,1,-8,0,0,0,0,0
28637,1,-8,0,0,0,0,0
13297,1,-8,0,0,0,0,0
25239,1,-8,0,0,0,0,0
11575,1,-8,0,0,0,0,0
2284,1,-8,0,0,0,0,0
12665,1,-8,0,0,0,0,0
2876,1,-8,0,0,0,0,0
22544,1,-8,0,0,0,0,0
8113,1,-8,0,0,0,0,0
21681,1,-8,0,0,0,0,0
5344,1,-8,0,0,0,0,0
5422,1,-8,0,0,0,0,0
32014,1,-8,0,0,0,0,0
7907,1,-8,0,0,0,0,0
16241,1,-8,0,0,0,0,0
30807,1,-8,0,0,0,0,0
31202,1,-8,0,0,0,0,0
15469,1,-8,0,0,0,0,0
316,1,-8,0,0,0,0,0
29272,1,-8,0,0,0,0,0
32138,1,-8,0,0,0,0,0
25322,1,-8,0,0,0,0,0
12116,1,-8,0,0,0,0,0
19281,1,-8,0,0,0,0,0
29660,1,-8,0,0,0,0,0
20478,1,-8,0,0,0,0,0
21280,1,-8,0,0,0,0,0
21763,1,-8,0,0,0,0,0
25363,1,-8,0,0,0,0,0
29617,1,-8,0,0,0,0,0
29625,1,-8,0,0,0,0,0
23237,1,36.5629892630851,0,0,0,0,0
2271,1,36.5629892630851,0,0,0,0,0
16706,1,36.5629892630851,0,0,0,0,0
6912,1,36.5629892630851,0,0,0,0,0
851,1,36.5629892630851,0,0,0,0,0
27424,1,36.5629892630851,0,0,0,0,0
24604,1,36.5629892630851,0,0,0,0,0
16273,1,36.5629892630851,0,0,0,0,0
3721,1,36.5629892630851,0,0,0,0,0
6753,1,36.5629892630851,0,0,0,0,0
3831,1,36.5629892630851,0,0,0,0,0
1221,1,36.5629892630851,0,0,0,0,0
31167,1,36.5629892630851,0,0,0,0,0
12964,1,36.5629892630851,0,0,0,0,0
2724,1,36.5629892630851,0,0,0,0,0
14980,1,36.5629892630851,0,0,0,0,0
7680,1,36.5629892630851,0,0,0,0,0
26732,1,36.5629892630851,0,0,0,0,0
30717,1,36.5629892630851,0,0,0,0,0
30856,1,36.5629892630851,0,0,0,0,0
14492,1,36.5629892630851,0,0,0,0,0
3184,1,36.5629892630851,0,0,0,0,0
797,1,36.5629892630851,0,0,0,0,0
27391,1,36.5629892630851,0,0,0,0,0
5533,1,36.5629892630851,0,0,0,0,0
20316,1,36.5629892630851,0,0,0,0,0
12960,1,36.5629892630851,0,0,0,0,0
27471,1,36.5629892630851,0,0,0,0,0
1875,1,36.5629892630851,0,0,0,0,0
17106,1,36.5629892630851,0,0,0,0,0
14265,1,36.5629892630851,0,0,0,0,0
25500,1,36.5629892630851,0,0,0,0,0
16374,1,36.5629892630851,0,0,0,0,0
6631,1,36.5629892630851,0,0,0,0,0
29556,1,36.5629892630851,0,0,0,0,0
7093,1,36.5629892630851,0,0,0,0,0
15040,1,36.5629892630851,0,0,0,0,0
28980,1,36.5629892630851,0,0,0,0,0
3610,1,36.5629892630851,0,0,0,0,0
3277,1,36.5629892630851,0,0,0,0,0
29493,1,36.5629892630851,0,0,0,0,0
15286,1,36.5629892630851,0,0,0,0,0
6489,1,36.5629892630851,0,0,0,0,0
21472,1,36.5629892630851,0,0,0,0,0
25369,1,36.5629892630851,0,0,0,0,0
2016,1,36.5629892630851,0,0,0,0,0
22850,1,36.5629892630851,0,0,0,0,0
6518,1,36.5629892630851,0,0,0,0,0
28896,1,36.5629892630851,0,0,0,0,0
31644,1,36.5629892630851,0,0,0,0,0
19112,1,36.5629892630851,0,0,0,0,0
21309,1,36.5629892630851,0,0,0,0,0
30056,1,36.5629892630851,0,0,0,0,0
26673,1,36.5629892630851,0,0,0,0,0
5463,1,36.5629892630851,0,0,0,0,0
8106,1,36.5629892630851,0,0,0,0,0
11844,1,36.5629892630851,0,0,0,0,0
23356,1,36.5629892630851,0,0,0,0,0
6340,1,36.5629892630851,0,0,0,0,0
5935,1,36.5629892630851,0,0,0,0,0
1542,1,36.5629892630851,0,0,0,0,0
25514,1,36.5629892630851,0,0,0,0,0
18238,1,36.5629892630851,0,0,0,0,0
8604,1,36.5629892630851,0,0,0,0,0
896,1,36.5629892630851,0,0,0,0,0
3369,1,36.5629892630851,0,0,0,0,0
31635,1,36.5629892630851,0,0,0,0,0
12041,1,36.5629892630851,0,0,0,0,0
21632,1,36.5629892630851,0,0,0,0,0
18634,1,36.5629892630851,0,0,0,0,0
26073,1,36.5629892630851,0,0,0,0,0
11206,1,36.5629892630851,0,0,0,0,0
6798,1,36.5629892630851,0,0,0,0,0
18296,1,36.5629892630851,0,0,0,0,0
20109,1,36.5629892630851,0,0,0,0,0
12992,1,36.5629892630851,0,0,0,0,0
26723,1,36.5629892630851,0,0,0,0,0
11791,1,36.5629892630851,0,0,0,0,0
3582,1,36.5629892630851,0,0,0,0,0
17704,1,36.5629892630851,0,0,0,0,0
15513,1,36.5629892630851,0,0,0,0,0
14528,1,36.5629892630851,0,0,0,0,0
1390,1,36.5629892630851,0,0,0,0,0
20438,1,36.5629892630851,0,0,0,0,0
28787,1,36.5629892630851,0,0,0,0,0
22423,1,36.5629892630851,0,0,0,0,0
14958,1,36.5629892630851,0,0,0,0,0
1485,1,36.5629892630851,0,0,0,0,0
3653,1,36.5629892630851,0,0,0,0,0
23495,1,36.5629892630851,0,0,0,0,0
30131,1,36.5629892630851,0,0,0,0,0
30198,1,36.5629892630851,0,0,0,0,0
87,1,36.5629892630851,0,0,0,0,0
7598,1,36.5629892630851,0,0,0,0,0
22406,1,36.5629892630851,0,0,0,0,0
5173,1,36.5629892630851,0,0,0,0,0
1471,1,36.5629892630851,0,0,0,0,0
2502,1,36.5629892630851,0,0,0,0,0
25512,1,36.5629892630851,0,0,0,0,0
2576,1,36.5629892630851,0,0,0,0,0
7948,1,36.5629892630851,0,0,0,0,0
1077,1,36.5629892630851,0,0,0,0,0
12059,1,36.5629892630851,0,0,0,0,0
14036,1,36.5629892630851,0,0,0,0,0
4867,1,36.5629892630851,0,0,0,0,0
17974,1,36.5629892630851,0,0,0,0,0
6614,1,36.5629892630851,0,0,0,0,0
7731,1,36.5629892630851,0,0,0,0,0
28922,1,36.5629892630851,0,0,0,0,0
869,1,36.5629892630851,0,0,0,0,0
9775,1,36.5629892630851,0,0,0,0,0
9343,1,36.5629892630851,0,0,0,0,0
22770,1,36.5629892630851,0,0,0,0,0
12959,1,36.5629892630851,0,0,0,0,0
24420,1,36.5629892630851,0,0,0,0,0
10480,1,36.5629892630851,0,0,0,0,0
883,1,36.5629892630851,0,0,0,0,0
18564,1,36.5629892630851,0,0,0,0,0
23230,1,36.5629892630851,0,0,0,0,0
29031,1,36.5629892630851,0,0,0,0,0
12136,1,36.5629892630851,0,0,0,0,0
5922,1,36.5629892630851,0,0,0,0,0
11758,1,36.5629892630851,0,0,0,0,0
24888,1,36.5629892630851,0,0,0,0,0
28880,1,36.5629892630851,0,0,0,0,0
21629,1,36.5629892630851,0,0,0,0,0
21672,1,36.5629892630851,0,0,0,0,0
5512,1,36.5629892630851,0,0,0,0,0
65,1,36.5629892630851,0,0,0,0,0
356,1,36.5629892630851,0,0,0,0,0
21585,1,36.5629892630851,0,0,0,0,0
17234,1,36.5629892630851,0,0,0,0,0
2940,1,36.5629892630851,0,0,0,0,0
13591,1,36.5629892630851,0,0,0,0,0
9231,1,36.5629892630851,0,0,0,0,0
18895,1,36.5629892630851,0,0,0,0,0
19558,1,36.5629892630851,0,0,0,0,0
15419,1,36.5629892630851,0,0,0,0,0
28267,1,36.5629892630851,0,0,0,0,0
3527,1,36.5629892630851,0,0,0,0,0
5523,1,36.5629892630851,0,0,0,0,0
22607,1,36.5629892630851,0,0,0,0,0
23664,1,36.5629892630851,0,0,0,0,0
14315,1,36.5629892630851,0,0,0,0,0
23618,1,36.5629892630851,0,0,0,0,0
5121,1,36.5629892630851,0,0,0,0,0
5382,1,36.5629892630851,0,0,0,0,0
8983,1,36.5629892630851,0,0,0,0,0
27783,1,36.5629892630851,0,0,0,0,0
6139,1,36.5629892630851,0,0,0,0,0
3345,1,36.5629892630851,0,0,0,0,0
12119,1,36.5629892630851,0,0,0,0,0
11649,1,36.5629892630851,0,0,0,0,0
3333,1,36.5629892630851,0,0,0,0,0
15947,1,36.5629892630851,0,0,0,0,0
1191,1,36.5629892630851,0,0,0,0,0
21380,1,36.5629892630851,0,0,0,0,0
6680,1,36.5629892630851,0,0,0,0,0
5786,1,36.5629892630851,0,0,0,0,0
4242,1,36.5629892630851,0,0,0,0,0
17214,1,36.5629892630851,0,0,0,0,0
28516,1,36.5629892630851,0,0,0,0,0
31583,1,36.5629892630851,0,0,0,0,0
28893,1,36.5629892630851,0,0,0,0,0
9635,1,36.5629892630851,0,0,0,0,0
15093,1,36.5629892630851,0,0,0,0,0
28476,1,36.5629892630851,0,0,0,0,0
14505,1,36.5629892630851,0,0,0,0,0
11777,1,36.5629892630851,0,0,0,0,0
29234,1,36.5629892630851,0,0,0,0,0
29985,1,36.5629892630851,0,0,0,0,0
22152,1,36.5629892630851,0,0,0,0,0
24566,1,36.5629892630851,0,0,0,0,0
29015,1,36.5629892630851,0,0,0,0,0
2529,1,36.5629892630851,0,0,0,0,0
21394,1,36.5629892630851,0,0,0,0,0
22479,1,36.5629892630851,0,0,0,0,0
2242,1,36.5629892630851,0,0,0,0,0
21623,1,36.5629892630851,0,0,0,0,0
25208,1,36.5629892630851,0,0,0,0,0
27541,1,36.5629892630851,0,0,0,0,0
25023,1,36.5629892630851,0,0,0,0,0
20859,1,36.5629892630851,0,0,0,0,0
15858,1,36.5629892630851,0,0,0,0,0
22210,1,36.5629892630851,0,0,0,0,0
26147,1,36.5629892630851,0,0,0,0,0
23022,1,36.5629892630851,0,0,0,0,0
3276,1,36.5629892630851,0,0,0,0,0
27434,1,36.5629892630851,0,0,0,0,0
20949,1,36.5629892630851,0,0,0,0,0
1935,1,36.5629892630851,0,0,0,0,0
30571,1,36.5629892630851,0,0,0,0,0
24972,1,36.5629892630851,0,0,0,0,0
23981,1,36.5629892630851,0,0,0,0,0
11674,1,36.5629892630851,0,0,0,0,0
28812,1,36.5629892630851,0,0,0,0,0
28251,1,36.5629892630851,0,0,0,0,0
25479,1,36.5629892630851,0,0,0,0,0
2646,1,36.5629892630851,0,0,0,0,0
13694,1,36.5629892630851,0,0,0,0,0
15821,1,36.5629892630851,0,0,0,0,0
12491,1,36.5629892630851,0,0,0,0,0
8506,1,36.5629892630851,0,0,0,0,0
7659,1,36.5629892630851,0,0,0,0,0
24991,1,36.5629892630851,0,0,0,0,0
26987,1,36.5629892630851,0,0,0,0,0
15629,1,36.5629892630851,0,0,0,0,0
5736,1,36.5629892630851,0,0,0,0,0
7049,1,36.5629892630851,0,0,0,0,0
9563,1,36.5629892630851,0,0,0,0,0
9438,1,36.5629892630851,0,0,0,0,0
29606,1,36.5629892630851,0,0,0,0,0
1194,1,36.5629892630851,0,0,0,0,0
8636,1,36.5629892630851,0,0,0,0,0
26312,1,36.5629892630851,0,0,0,0,0
19181,1,36.5629892630851,0,0,0,0,0
10959,1,36.5629892630851,0,0,0,0,0
19096,1,36.5629892630851,0,0,0,0,0
16883,1,36.5629892630851,0,0,0,0,0
5904,1,36.5629892630851,0,0,0,0,0
10575,1,36.5629892630851,0,0,0,0,0
1643,1,36.5629892630851,0,0,0,0,0
7916,1,36.5629892630851,0,0,0,0,0
6009,1,36.5629892630851,0,0,0,0,0
13803,1,36.5629892630851,0,0,0,0,0
23717,1,36.5629892630851,0,0,0,0,0
20087,1,36.5629892630851,0,0,0,0,0
30653,1,36.5629892630851,0,0,0,0,0
10970,1,36.5629892630851,0,0,0,0,0
1312,1,36.5629892630851,0,0,0,0,0
29842,1,36.5629892630851,0,0,0,0,0
23650,1,36.5629892630851,0,0,0,0,0
26839,1,36.5629892630851,0,0,0,0,0
8435,1,36.5629892630851,0,0,0,0,0
5743,1,36.5629892630851,0,0,0,0,0
20014,1,36.5629892630851,0,0,0,0,0
8003,1,36.5629892630851,0,0,0,0,0
30066,1,36.5629892630851,0,0,0,0,0
25503,1,36.5629892630851,0,0,0,0,0
27489,1,36.5629892630851,0,0,0,0,0
28087,1,36.5629892630851,0,0,0,0,0
31909,1,36.5629892630851,0,0,0,0,0
4087,1,36.5629892630851,0,0,0,0,0
15144,1,36.5629892630851,0,0,0,0,0
29609,1,36.5629892630851,0,0,0,0,0
6715,1,36.5629892630851,0,0,0,0,0
4144,1,36.5629892630851,0,0,0,0,0
22853,1,36.5629892630851,0,0,0,0,0
32611,1,36.5629892630851,0,0,0,0,0
11307,1,36.5629892630851,0,0,0,0,0
25359,1,36.5629892630851,0,0,0,0,0
22610,1,36.5629892630851,0,0,0,0,0
11795,1,36.5629892630851,0,0,0,0,0
28202,1,36.5629892630851,0,0,0,0,0
25724,1,36.5629892630851,0,0,0,0,0
19395,1,36.5629892630851,0,0,0,0,0
23838,1,36.5629892630851,0,0,0,0,0
29217,1,36.5629892630851,0,0,0,0,0
8120,1,36.5629892630851,0,0,0,0,0
5221,1,36.5629892630851,0,0,0,0,0
12137,1,36.5629892630851,0,0,0,0,0
19100,1,36.5629892630851,0,0,0,0,0
1347,1,36.5629892630851,0,0,0,0,0
29876,1,36.5629892630851,0,0,0,0,0
12404,1,36.5629892630851,0,0,0,0,0
23967,1,36.5629892630851,0,0,0,0,0
18133,1,36.5629892630851,0,0,0,0,0
23238,1,36.5629892630851,0,0,0,0,0
8763,1,36.5629892630851,0,0,0,0,0
8739,1,36.5629892630851,0,0,0,0,0
28026,1,36.5629892630851,0,0,0,0,0
32201,1,36.5629892630851,0,0,0,0,0
27431,1,36.5629892630851,0,0,0,0,0
1271,1,36.5629892630851,0,0,0,0,0
21315,1,36.5629892630851,0,0,0,0,0
19911,1,36.5629892630851,0,0,0,0,0
29119,1,36.5629892630851,0,0,0,0,0
10628,1,36.5629892630851,0,0,0,0,0
12677,1,36.5629892630851,0,0,0,0,0
31363,1,36.5629892630851,0,0,0,0,0
10686,1,36.5629892630851,0,0,0,0,0
30712,1,36.5629892630851,0,0,0,0,0
28255,1,36.5629892630851,0,0,0,0,0
23918,1,36.5629892630851,0,0,0,0,0
9001,1,36.5629892630851,0,0,0,0,0
11831,1,36.5629892630851,0,0,0,0,0
13791,1,36.5629892630851,0,0,0,0,0
17220,1,36.5629892630851,0,0,0,0,0
11954,1,36.5629892630851,0,0,0,0,0
12644,1,36.5629892630851,0,0,0,0,0
2907,1,36.5629892630851,0,0,0,0,0
30915,1,36.5629892630851,0,0,0,0,0
30218,1,36.5629892630851,0,0,0,0,0
14647,1,36.5629892630851,0,0,0,0,0
9971,1,36.5629892630851,0,0,0,0,0
28151,1,36.5629892630851,0,0,0,0,0
28130,1,36.5629892630851,0,0,0,0,0
3468,1,36.5629892630851,0,0,0,0,0
13911,1,36.5629892630851,0,0,0,0,0
10049,1,36.5629892630851,0,0,0,0,0
19591,1,36.5629892630851,0,0,0,0,0
11021,1,36.5629892630851,0,0,0,0,0
12256,1,36.5629892630851,0,0,0,0,0
24691,1,36.5629892630851,0,0,0,0,0
14986,1,36.5629892630851,0,0,0,0,0
21399,1,36.5629892630851,0,0,0,0,0
5038,1,36.5629892630851,0,0,0,0,0
12154,1,36.5629892630851,0,0,0,0,0
18244,1,36.5629892630851,0,0,0,0,0
16646,1,36.5629892630851,0,0,0,0,0
20602,1,36.5629892630851,0,0,0,0,0
1078,1,36.5629892630851,0,0,0,0,0
20550,1,36.5629892630851,0,0,0,0,0
9360,1,36.5629892630851,0,0,0,0,0
29808,1,36.5629892630851,0,0,0,0,0
22813,1,36.5629892630851,0,0,0,0,0
4216,1,36.5629892630851,0,0,0,0,0
30271,1,36.5629892630851,0,0,0,0,0
13661,1,36.5629892630851,0,0,0,0,0
18399,1,36.5629892630851,0,0,0,0,0
25007,1,36.5629892630851,0,0,0,0,0
30149,1,36.5629892630851,0,0,0,0,0
11612,1,36.5629892630851,0,0,0,0,0
29191,1,36.5629892630851,0,0,0,0,0
28111,1,36.5629892630851,0,0,0,0,0
29132,1,36.5629892630851,0,0,0,0,0
29143,1,36.5629892630851,0,0,0,0,0
22472,1,36.5629892630851,0,0,0,0,0
13888,1,36.5629892630851,0,0,0,0,0
14106,1,36.5629892630851,0,0,0,0,0
17948,1,36.5629892630851,0,0,0,0,0
6447,1,36.5629892630851,0,0,0,0,0
5648,1,36.5629892630851,0,0,0,0,0
29887,1,36.5629892630851,0,0,0,0,0
28942,1,36.5629892630851,0,0,0,0,0
27204,1,36.5629892630851,0,0,0,0,0
8529,1,36.5629892630851,0,0,0,0,0
14524,1,36.5629892630851,0,0,0,0,0
25141,1,36.5629892630851,0,0,0,0,0
18996,1,36.5629892630851,0,0,0,0,0
4948,1,36.5629892630851,0,0,0,0,0
9439,1,36.5629892630851,0,0,0,0,0
5040,1,36.5629892630851,0,0,0,0,0
5569,1,36.5629892630851,0,0,0,0,0
9584,1,36.5629892630851,0,0,0,0,0
2090,1,36.5629892630851,0,0,0,0,0
23242,1,36.5629892630851,0,0,0,0,0
23828,1,36.5629892630851,0,0,0,0,0
24403,1,36.5629892630851,0,0,0,0,0
8507,1,36.5629892630851,0,0,0,0,0
18836,1,36.5629892630851,0,0,0,0,0
3891,1,36.5629892630851,0,0,0,0,0
26415,1,36.5629892630851,0,0,0,0,0
20269,1,36.5629892630851,0,0,0,0,0
26593,1,36.5629892630851,0,0,0,0,0
19091,1,36.5629892630851,0,0,0,0,0
9448,1,36.5629892630851,0,0,0,0,0
21600,1,36.5629892630851,0,0,0,0,0
12410,1,36.5629892630851,0,0,0,0,0
4237,1,36.5629892630851,0,0,0,0,0
5509,1,36.5629892630851,0,0,0,0,0
31168,1,36.5629892630851,0,0,0,0,0
10734,1,36.5629892630851,0,0,0,0,0
30089,1,36.5629892630851,0,0,0,0,0
16713,1,36.5629892630851,0,0,0,0,0
22606,1,36.5629892630851,0,0,0,0,0
22370,1,36.5629892630851,0,0,0,0,0
7269,1,36.5629892630851,0,0,0,0,0
24387,1,36.5629892630851,0,0,0,0,0
13281,1,36.5629892630851,0,0,0,0,0
24761,1,36.5629892630851,0,0,0,0,0
2946,1,36.5629892630851,0,0,0,0,0
25510,1,36.5629892630851,0,0,0,0,0
28714,1,36.5629892630851,0,0,0,0,0
5537,1,36.5629892630851,0,0,0,0,0
6964,1,36.5629892630851,0,0,0,0,0
32338,1,36.5629892630851,0,0,0,0,0
1120,1,36.5629892630851,0,0,0,0,0
2469,1,36.5629892630851,0,0,0,0,0
29524,1,36.5629892630851,0,0,0,0,0
4939,1,36.5629892630851,0,0,0,0,0
23523,1,36.5629892630851,0,0,0,0,0
208,1,36.5629892630851,0,0,0,0,0
14916,1,36.5629892630851,0,0,0,0,0
29288,1,36.5629892630851,0,0,0,0,0
16544,1,36.5629892630851,0,0,0,0,0
11915,1,36.5629892630851,0,0,0,0,0
28290,1,36.5629892630851,0,0,0,0,0
24002,1,36.5629892630851,0,0,0,0,0
1047,1,36.5629892630851,0,0,0,0,0
14828,1,36.5629892630851,0,0,0,0,0
31009,1,36.5629892630851,0,0,0,0,0
26623,1,36.5629892630851,0,0,0,0,0
20287,1,36.5629892630851,0,0,0,0,0
32111,1,36.5629892630851,0,0,0,0,0
15418,1,36.5629892630851,0,0,0,0,0
9066,1,36.5629892630851,0,0,0,0,0
30053,1,36.5629892630851,0,0,0,0,0
14029,1,36.5629892630851,0,0,0,0,0
29967,1,36.5629892630851,0,0,0,0,0
6366,1,36.5629892630851,0,0,0,0,0
26934,1,36.5629892630851,0,0,0,0,0
3820,1,36.5629892630851,0,0,0,0,0
19085,1,36.5629892630851,0,0,0,0,0
31834,1,36.5629892630851,0,0,0,0,0
27275,1,36.5629892630851,0,0,0,0,0
19255,1,36.5629892630851,0,0,0,0,0
21289,1,36.5629892630851,0,0,0,0,0
21278,1,36.5629892630851,0,0,0,0,0
7214,1,36.5629892630851,0,0,0,0,0
6392,1,36.5629892630851,0,0,0,0,0
26367,1,36.5629892630851,0,0,0,0,0
19950,1,36.5629892630851,0,0,0,0,0
15977,1,36.5629892630851,0,0,0,0,0
18530,1,36.5629892630851,0,0,0,0,0
21175,1,36.5629892630851,0,0,0,0,0
11159,1,36.5629892630851,0,0,0,0,0
29453,1,36.5629892630851,0,0,0,0,0
4722,1,36.5629892630851,0,0,0,0,0
19797,1,36.5629892630851,0,0,0,0,0
14378,1,36.5629892630851,0,0,0,0,0
441,1,36.5629892630851,0,0,0,0,0
23100,1,36.5629892630851,0,0,0,0,0
4410,1,36.5629892630851,0,0,0,0,0
1660,1,36.5629892630851,0,0,0,0,0
29417,1,36.5629892630851,0,0,0,0,0
31512,1,36.5629892630851,0,0,0,0,0
6068,1,36.5629892630851,0,0,0,0,0
15099,1,36.5629892630851,0,0,0,0,0
15486,1,36.5629892630851,0,0,0,0,0
3698,1,36.5629892630851,0,0,0,0,0
19521,1,36.5629892630851,0,0,0,0,0
19956,1,36.5629892630851,0,0,0,0,0
10274,1,36.5629892630851,0,0,0,0,0
11213,1,36.5629892630851,0,0,0,0,0
2875,1,36.5629892630851,0,0,0,0,0
11759,1,36.5629892630851,0,0,0,0,0
17172,1,36.5629892630851,0,0,0,0,0
12693,1,36.5629892630851,0,0,0,0,0
9997,1,36.5629892630851,0,0,0,0,0
2835,1,36.5629892630851,0,0,0,0,0
7085,1,36.5629892630851,0,0,0,0,0
4731,1,36.5629892630851,0,0,0,0,0
27996,1,36.5629892630851,0,0,0,0,0
28056,1,36.5629892630851,0,0,0,0,0
15218,1,36.5629892630851,0,0,0,0,0
18054,1,36.5629892630851,0,0,0,0,0
9039,1,36.5629892630851,0,0,0,0,0
3035,1,36.5629892630851,0,0,0,0,0
15788,1,36.5629892630851,0,0,0,0,0
2684,1,36.5629892630851,0,0,0,0,0
18942,1,36.5629892630851,0,0,0,0,0
18548,1,36.5629892630851,0,0,0,0,0
25737,1,36.5629892630851,0,0,0,0,0
27761,1,36.5629892630851,0,0,0,0,0
29949,1,36.5629892630851,0,0,0,0,0
8207,1,36.5629892630851,0,0,0,0,0
14234,1,36.5629892630851,0,0,0,0,0
26848,1,36.5629892630851,0,0,0,0,0
37,1,36.5629892630851,0,0,0,0,0
8951,1,36.5629892630851,0,0,0,0,0
31180,1,36.5629892630851,0,0,0,0,0
30046,1,36.5629892630851,0,0,0,0,0
21922,1,36.5629892630851,0,0,0,0,0
19635,1,36.5629892630851,0,0,0,0,0
32556,1,36.5629892630851,0,0,0,0,0
11867,1,36.5629892630851,0,0,0,0,0
32518,1,36.5629892630851,0,0,0,0,0
31282,1,36.5629892630851,0,0,0,0,0
21228,1,36.5629892630851,0,0,0,0,0
29192,1,36.5629892630851,0,0,0,0,0
1232,1,36.5629892630851,0,0,0,0,0
5200,1,36.5629892630851,0,0,0,0,0
15225,1,36.5629892630851,0,0,0,0,0
32392,1,36.5629892630851,0,0,0,0,0
4347,1,36.5629892630851,0,0,0,0,0
28799,1,36.5629892630851,0,0,0,0,0
526,1,36.5629892630851,0,0,0,0,0
21851,1,36.5629892630851,0,0,0,0,0
5919,1,36.5629892630851,0,0,0,0,0
26293,1,36.5629892630851,0,0,0,0,0
24327,1,36.5629892630851,0,0,0,0,0
10671,1,36.5629892630851,0,0,0,0,0
6194,1,36.5629892630851,0,0,0,0,0
3144,1,36.5629892630851,0,0,0,0,0
19034,1,36.5629892630851,0,0,0,0,0
11975,1,36.5629892630851,0,0,0,0,0
3330,1,36.5629892630851,0,0,0,0,0
15292,1,36.5629892630851,0,0,0,0,0
27356,1,36.5629892630851,0,0,0,0,0
30541,1,36.5629892630851,0,0,0,0,0
8489,1,36.5629892630851,0,0,0,0,0
6627,1,36.5629892630851,0,0,0,0,0
5850,1,36.5629892630851,0,0,0,0,0
18774,1,36.5629892630851,0,0,0,0,0
25857,1,36.5629892630851,0,0,0,0,0
28868,1,36.5629892630851,0,0,0,0,0
11283,1,36.5629892630851,0,0,0,0,0
21603,1,36.5629892630851,0,0,0,0,0
2388,1,36.5629892630851,0,0,0,0,0
15325,1,36.5629892630851,0,0,0,0,0
3034,1,36.5629892630851,0,0,0,0,0
30996,1,36.5629892630851,0,0,0,0,0
20247,1,36.5629892630851,0,0,0,0,0
7389,1,36.5629892630851,0,0,0,0,0
8950,1,36.5629892630851,0,0,0,0,0
3178,1,36.5629892630851,0,0,0,0,0
3622,1,36.5629892630851,0,0,0,0,0
27134,1,36.5629892630851,0,0,0,0,0
16042,1,36.5629892630851,0,0,0,0,0
4213,1,36.5629892630851,0,0,0,0,0
20861,1,36.5629892630851,0,0,0,0,0
13459,1,36.5629892630851,0,0,0,0,0
12635,1,36.5629892630851,0,0,0,0,0
11582,1,36.5629892630851,0,0,0,0,0
6492,1,36.5629892630851,0,0,0,0,0
14320,1,36.5629892630851,0,0,0,0,0
412,1,36.5629892630851,0,0,0,0,0
9994,1,36.5629892630851,0,0,0,0,0
13015,1,36.5629892630851,0,0,0,0,0
4080,1,36.5629892630851,0,0,0,0,0
24663,1,36.5629892630851,0,0,0,0,0
16327,1,36.5629892630851,0,0,0,0,0
3206,1,36.5629892630851,0,0,0,0,0
29131,1,36.5629892630851,0,0,0,0,0
17140,1,36.5629892630851,0,0,0,0,0
21722,1,36.5629892630851,0,0,0,0,0
10129,1,36.5629892630851,0,0,0,0,0
24384,1,36.5629892630851,0,0,0,0,0
11338,1,36.5629892630851,0,0,0,0,0
6387,1,36.5629892630851,0,0,0,0,0
2742,1,36.5629892630851,0,0,0,0,0
4621,1,36.5629892630851,0,0,0,0,0
19604,1,36.5629892630851,0,0,0,0,0
25333,1,36.5629892630851,0,0,0,0,0
24557,1,36.5629892630851,0,0,0,0,0
19721,1,36.5629892630851,0,0,0,0,0
13583,1,36.5629892630851,0,0,0,0,0
16171,1,36.5629892630851,0,0,0,0,0
20323,1,36.5629892630851,0,0,0,0,0
9539,1,36.5629892630851,0,0,0,0,0
14086,1,36.5629892630851,0,0,0,0,0
32761,1,36.5629892630851,0,0,0,0,0
8600,1,36.5629892630851,0,0,0,0,0
15470,1,36.5629892630851,0,0,0,0,0
17800,1,36.5629892630851,0,0,0,0,0
21224,1,36.5629892630851,0,0,0,0,0
28507,1,36.5629892630851,0,0,0,0,0
26704,1,36.5629892630851,0,0,0,0,0
18845,1,36.5629892630851,0,0,0,0,0
14473,1,36.5629892630851,0,0,0,0,0
9866,1,36.5629892630851,0,0,0,0,0
6662,1,36.5629892630851,0,0,0,0,0
29574,1,36.5629892630851,0,0,0,0,0
4716,1,36.5629892630851,0,0,0,0,0
15264,1,36.5629892630851,0,0,0,0,0
17298,1,36.5629892630851,0,0,0,0,0
21487,1,36.5629892630851,0,0,0,0,0
24322,1,36.5629892630851,0,0,0,0,0
19410,1,36.5629892630851,0,0,0,0,0
3621,1,36.5629892630851,0,0,0,0,0
7775,1,36.5629892630851,0,0,0,0,0
20108,1,36.5629892630851,0,0,0,0,0
7842,1,36.5629892630851,0,0,0,0,0
3609,1,36.5629892630851,0,0,0,0,0
14894,1,36.5629892630851,0,0,0,0,0
27245,1,36.5629892630851,0,0,0,0,0
9147,1,36.5629892630851,0,0,0,0,0
6029,1,36.5629892630851,0,0,0,0,0
2619,1,36.5629892630851,0,0,0,0,0
3639,1,36.5629892630851,0,0,0,0,0
15984,1,36.5629892630851,0,0,0,0,0
7045,1,36.5629892630851,0,0,0,0,0
15130,1,36.5629892630851,0,0,0,0,0
16430,1,36.5629892630851,0,0,0,0,0
1236,1,36.5629892630851,0,0,0,0,0
11090,1,36.5629892630851,0,0,0,0,0
18783,1,36.5629892630851,0,0,0,0,0
23809,1,36.5629892630851,0,0,0,0,0
28570,1,36.5629892630851,0,0,0,0,0
22651,1,36.5629892630851,0,0,0,0,0
21845,1,36.5629892630851,0,0,0,0,0
16576,1,36.5629892630851,0,0,0,0,0
5350,1,36.5629892630851,0,0,0,0,0
12783,1,36.5629892630851,0,0,0,0,0
19082,1,36.5629892630851,0,0,0,0,0
15429,1,36.5629892630851,0,0,0,0,0
17977,1,36.5629892630851,0,0,0,0,0
30754,1,36.5629892630851,0,0,0,0,0
13588,1,36.5629892630851,0,0,0,0,0
28175,1,36.5629892630851,0,0,0,0,0
28754,1,36.5629892630851,0,0,0,0,0
30913,1,36.5629892630851,0,0,0,0,0
21005,1,36.5629892630851,0,0,0,0,0
18859,1,36.5629892630851,0,0,0,0,0
3501,1,36.5629892630851,0,0,0,0,0
31346,1,36.5629892630851,0,0,0,0,0
24413,1,36.5629892630851,0,0,0,0,0
27782,1,36.5629892630851,0,0,0,0,0
17401,1,36.5629892630851,0,0,0,0,0
14209,1,36.5629892630851,0,0,0,0,0
13913,1,36.5629892630851,0,0,0,0,0
27705,1,36.5629892630851,0,0,0,0,0
23055,1,36.5629892630851,0,0,0,0,0
1558,1,36.5629892630851,0,0,0,0,0
4293,1,36.5629892630851,0,0,0,0,0
10535,1,36.5629892630851,0,0,0,0,0
13422,1,36.5629892630851,0,0,0,0,0
14550,1,36.5629892630851,0,0,0,0,0
25683,1,36.5629892630851,0,0,0,0,0
18041,1,36.5629892630851,0,0,0,0,0
1118,1,36.5629892630851,0,0,0,0,0
1407,1,36.5629892630851,0,0,0,0,0
3077,1,36.5629892630851,0,0,0,0,0
11288,1,36.5629892630851,0,0,0,0,0
17236,1,36.5629892630851,0,0,0,0,0
7073,1,36.5629892630851,0,0,0,0,0
19162,1,36.5629892630851,0,0,0,0,0
29554,1,36.5629892630851,0,0,0,0,0
13149,1,36.5629892630851,0,0,0,0,0
10018,1,36.5629892630851,0,0,0,0,0
12728,1,36.5629892630851,0,0,0,0,0
19130,1,36.5629892630851,0,0,0,0,0
14375,1,36.5629892630851,0,0,0,0,0
740,1,36.5629892630851,0,0,0,0,0
14937,1,36.5629892630851,0,0,0,0,0
20205,1,36.5629892630851,0,0,0,0,0
3568,1,36.5629892630851,0,0,0,0,0
24378,1,36.5629892630851,0,0,0,0,0
1383,1,36.5629892630851,0,0,0,0,0
20828,1,36.5629892630851,0,0,0,0,0
12863,1,36.5629892630851,0,0,0,0,0
18726,1,36.5629892630851,0,0,0,0,0
22483,1,36.5629892630851,0,0,0,0,0
12124,1,36.5629892630851,0,0,0,0,0
1374,1,36.5629892630851,0,0,0,0,0
11485,1,36.5629892630851,0,0,0,0,0
6458,1,36.5629892630851,0,0,0,0,0
24323,1,36.5629892630851,0,0,0,0,0
3275,1,36.5629892630851,0,0,0,0,0
14990,1,36.5629892630851,0,0,0,0,0
21617,1,36.5629892630851,0,0,0,0,0
29057,1,36.5629892630851,0,0,0,0,0
29208,1,36.5629892630851,0,0,0,0,0
15054,1,36.5629892630851,0,0,0,0,0
149,1,36.5629892630851,0,0,0,0,0
25763,1,36.5629892630851,0,0,0,0,0
12082,1,36.5629892630851,0,0,0,0,0
17810,1,36.5629892630851,0,0,0,0,0
25677,1,36.5629892630851,0,0,0,0,0
28736,1,36.5629892630851,0,0,0,0,0
31216,1,36.5629892630851,0,0,0,0,0
11846,1,36.5629892630851,0,0,0,0,0
24709,1,36.5629892630851,0,0,0,0,0
6734,1,36.5629892630851,0,0,0,0,0
19433,1,36.5629892630851,0,0,0,0,0
25135,1,36.5629892630851,0,0,0,0,0
30978,1,36.5629892630851,0,0,0,0,0
22281,1,36.5629892630851,0,0,0,0,0
31469,1,36.5629892630851,0,0,0,0,0
4743,1,36.5629892630851,0,0,0,0,0
24981,1,36.5629892630851,0,0,0,0,0
11013,1,36.5629892630851,0,0,0,0,0
10922,1,36.5629892630851,0,0,0,0,0
11451,1,36.5629892630851,0,0,0,0,0
7324,1,36.5629892630851,0,0,0,0,0
10974,1,36.5629892630851,0,0,0,0,0
20839,1,36.5629892630851,0,0,0,0,0
19159,1,36.5629892630851,0,0,0,0,0
23150,1,36.5629892630851,0,0,0,0,0
26516,1,36.5629892630851,0,0,0,0,0
11527,1,36.5629892630851,0,0,0,0,0
12361,1,36.5629892630851,0,0,0,0,0
20386,1,36.5629892630851,0,0,0,0,0
12915,1,36.5629892630851,0,0,0,0,0
24775,1,36.5629892630851,0,0,0,0,0
18124,1,36.5629892630851,0,0,0,0,0
16545,1,36.5629892630851,0,0,0,0,0
24838,1,36.5629892630851,0,0,0,0,0
24115,1,36.5629892630851,0,0,0,0,0
27942,1,36.5629892630851,0,0,0,0,0
29782,1,36.5629892630851,0,0,0,0,0
26136,1,36.5629892630851,0,0,0,0,0
24310,1,36.5629892630851,0,0,0,0,0
19035,1,36.5629892630851,0,0,0,0,0
18488,1,36.5629892630851,0,0,0,0,0
9787,1,36.5629892630851,0,0,0,0,0
19374,1,36.5629892630851,0,0,0,0,0
30551,1,36.5629892630851,0,0,0,0,0
7544,1,36.5629892630851,0,0,0,0,0
2467,1,36.5629892630851,0,0,0,0,0
19397,1,36.5629892630851,0,0,0,0,0
10958,1,36.5629892630851,0,0,0,0,0
24657,1,36.5629892630851,0,0,0,0,0
7366,1,36.5629892630851,0,0,0,0,0
12228,1,36.5629892630851,0,0,0,0,0
29330,1,36.5629892630851,0,0,0,0,0
14611,1,36.5629892630851,0,0,0,0,0
12501,1,36.5629892630851,0,0,0,0,0
10071,1,36.5629892630851,0,0,0,0,0
1493,1,36.5629892630851,0,0,0,0,0
20542,1,36.5629892630851,0,0,0,0,0
21599,1,36.5629892630851,0,0,0,0,0
17307,1,36.5629892630851,0,0,0,0,0
12176,1,36.5629892630851,0,0,0,0,0
27790,1,36.5629892630851,0,0,0,0,0
26852,1,36.5629892630851,0,0,0,0,0
23568,1,36.5629892630851,0,0,0,0,0
31877,1,36.5629892630851,0,0,0,0,0
16353,1,36.5629892630851,0,0,0,0,0
17519,1,36.5629892630851,0,0,0,0,0
18009,1,36.5629892630851,0,0,0,0,0
7754,1,36.5629892630851,0,0,0,0,0
20770,1,36.5629892630851,0,0,0,0,0
14395,1,36.5629892630851,0,0,0,0,0
15738,1,36.5629892630851,0,0,0,0,0
11601,1,36.5629892630851,0,0,0,0,0
24871,1,36.5629892630851,0,0,0,0,0
17654,1,36.5629892630851,0,0,0,0,0
10121,1,36.5629892630851,0,0,0,0,0
15126,1,36.5629892630851,0,0,0,0,0
8381,1,36.5629892630851,0,0,0,0,0
27980,1,36.5629892630851,0,0,0,0,0
10988,1,36.5629892630851,0,0,0,0,0
24795,1,36.5629892630851,0,0,0,0,0
22285,1,36.5629892630851,0,0,0,0,0
5361,1,36.5629892630851,0,0,0,0,0
1290,1,36.5629892630851,0,0,0,0,0
20477,1,36.5629892630851,0,0,0,0,0
23745,1,36.5629892630851,0,0,0,0,0
27883,1,36.5629892630851,0,0,0,0,0
4601,1,36.5629892630851,0,0,0,0,0
411,1,36.5629892630851,0,0,0,0,0
23759,1,36.5629892630851,0,0,0,0,0
10831,1,36.5629892630851,0,0,0,0,0
18404,1,36.5629892630851,0,0,0,0,0
27952,1,36.5629892630851,0,0,0,0,0
104,1,36.5629892630851,0,0,0,0,0
10528,1,36.5629892630851,0,0,0,0,0
10563,1,36.5629892630851,0,0,0,0,0
30299,1,36.5629892630851,0,0,0,0,0
24550,1,36.5629892630851,0,0,0,0,0
27606,1,36.5629892630851,0,0,0,0,0
23639,1,36.5629892630851,0,0,0,0,0
29812,1,36.5629892630851,0,0,0,0,0
11413,1,36.5629892630851,0,0,0,0,0
17176,1,36.5629892630851,0,0,0,0,0
11067,1,36.5629892630851,0,0,0,0,0
29228,1,36.5629892630851,0,0,0,0,0
11525,1,36.5629892630851,0,0,0,0,0
2170,1,36.5629892630851,0,0,0,0,0
18683,1,36.5629892630851,0,0,0,0,0
11843,1,36.5629892630851,0,0,0,0,0
20502,1,36.5629892630851,0,0,0,0,0
21328,1,36.5629892630851,0,0,0,0,0
761,1,36.5629892630851,0,0,0,0,0
23863,1,36.5629892630851,0,0,0,0,0
3808,1,36.5629892630851,0,0,0,0,0
2204,1,36.5629892630851,0,0,0,0,0
17968,1,36.5629892630851,0,0,0,0,0
25480,1,36.5629892630851,0,0,0,0,0
22399,1,36.5629892630851,0,0,0,0,0
8807,1,36.5629892630851,0,0,0,0,0
17267,1,36.5629892630851,0,0,0,0,0
30526,1,36.5629892630851,0,0,0,0,0
14811,1,36.5629892630851,0,0,0,0,0
7556,1,36.5629892630851,0,0,0,0,0
5052,1,36.5629892630851,0,0,0,0,0
28575,1,36.5629892630851,0,0,0,0,0
16087,1,36.5629892630851,0,0,0,0,0
8026,1,36.5629892630851,0,0,0,0,0
1944,1,36.5629892630851,0,0,0,0,0
5612,1,36.5629892630851,0,0,0,0,0
22137,1,36.5629892630851,0,0,0,0,0
14193,1,36.5629892630851,0,0,0,0,0
15293,1,36.5629892630851,0,0,0,0,0
8846,1,36.5629892630851,0,0,0,0,0
15790,1,36.5629892630851,0,0,0,0,0
10841,1,36.5629892630851,0,0,0,0,0
26008,1,36.5629892630851,0,0,0,0,0
21192,1,36.5629892630851,0,0,0,0,0
28936,1,36.5629892630851,0,0,0,0,0
8770,1,36.5629892630851,0,0,0,0,0
26950,1,36.5629892630851,0,0,0,0,0
20404,1,36.5629892630851,0,0,0,0,0
8425,1,36.5629892630851,0,0,0,0,0
5317,1,36.5629892630851,0,0,0,0,0
30026,1,36.5629892630851,0,0,0,0,0
4275,1,36.5629892630851,0,0,0,0,0
22865,1,36.5629892630851,0,0,0,0,0
22797,1,36.5629892630851,0,0,0,0,0
27658,1,36.5629892630851,0,0,0,0,0
11530,1,36.5629892630851,0,0,0,0,0
18360,1,36.5629892630851,0,0,0,0,0
14523,1,36.5629892630851,0,0,0,0,0
25610,1,36.5629892630851,0,0,0,0,0
8481,1,36.5629892630851,0,0,0,0,0
32059,1,36.5629892630851,0,0,0,0,0
15706,1,36.5629892630851,0,0,0,0,0
30187,1,36.5629892630851,0,0,0,0,0
23006,1,36.5629892630851,0,0,0,0,0
14222,1,36.5629892630851,0,0,0,0,0
17884,1,36.5629892630851,0,0,0,0,0
31578,1,36.5629892630851,0,0,0,0,0
31814,1,36.5629892630851,0,0,0,0,0
11234,1,36.5629892630851,0,0,0,0,0
9361,1,36.5629892630851,0,0,0,0,0
3261,1,36.5629892630851,0,0,0,0,0
32157,1,36.5629892630851,0,0,0,0,0
22306,1,36.5629892630851,0,0,0,0,0
4864,1,36.5629892630851,0,0,0,0,0
19480,1,36.5629892630851,0,0,0,0,0
8226,1,36.5629892630851,0,0,0,0,0
16332,1,36.5629892630851,0,0,0,0,0
1638,1,36.5629892630851,0,0,0,0,0
17347,1,36.5629892630851,0,0,0,0,0
19632,1,36.5629892630851,0,0,0,0,0
9183,1,36.5629892630851,0,0,0,0,0
28001,1,36.5629892630851,0,0,0,0,0
28183,1,36.5629892630851,0,0,0,0,0
9300,1,36.5629892630851,0,0,0,0,0
18702,1,36.5629892630851,0,0,0,0,0
8504,1,36.5629892630851,0,0,0,0,0
15351,1,36.5629892630851,0,0,0,0,0
16757,1,36.5629892630851,0,0,0,0,0
32085,1,36.5629892630851,0,0,0,0,0
471,1,36.5629892630851,0,0,0,0,0
29954,1,36.5629892630851,0,0,0,0,0
10181,1,36.5629892630851,0,0,0,0,0
9247,1,36.5629892630851,0,0,0,0,0
10668,1,36.5629892630851,0,0,0,0,0
14821,1,36.5629892630851,0,0,0,0,0
26320,1,36.5629892630851,0,0,0,0,0
13865,1,36.5629892630851,0,0,0,0,0
20931,1,36.5629892630851,0,0,0,0,0
7581,1,36.5629892630851,0,0,0,0,0
11854,1,36.5629892630851,0,0,0,0,0
824,1,36.5629892630851,0,0,0,0,0
27015,1,36.5629892630851,0,0,0,0,0
29575,1,36.5629892630851,0,0,0,0,0
4992,1,36.5629892630851,0,0,0,0,0
24718,1,36.5629892630851,0,0,0,0,0
21772,1,36.5629892630851,0,0,0,0,0
13378,1,36.5629892630851,0,0,0,0,0
9455,1,36.5629892630851,0,0,0,0,0
12967,1,36.5629892630851,0,0,0,0,0
18625,1,36.5629892630851,0,0,0,0,0
4354,1,36.5629892630851,0,0,0,0,0
7634,1,36.5629892630851,0,0,0,0,0
23895,1,36.5629892630851,0,0,0,0,0
8801,1,36.5629892630851,0,0,0,0,0
14959,1,36.5629892630851,0,0,0,0,0
31992,1,36.5629892630851,0,0,0,0,0
7879,1,36.5629892630851,0,0,0,0,0
31811,1,36.5629892630851,0,0,0,0,0
8857,1,36.5629892630851,0,0,0,0,0
32635,1,36.5629892630851,0,0,0,0,0
1593,1,36.5629892630851,0,0,0,0,0
5640,1,36.5629892630851,0,0,0,0,0
13046,1,36.5629892630851,0,0,0,0,0
28748,1,36.5629892630851,0,0,0,0,0
24075,1,36.5629892630851,0,0,0,0,0
15059,1,36.5629892630851,0,0,0,0,0
4954,1,36.5629892630851,0,0,0,0,0
8552,1,36.5629892630851,0,0,0,0,0
13160,1,36.5629892630851,0,0,0,0,0
1237,1,36.5629892630851,0,0,0,0,0
17942,1,36.5629892630851,0,0,0,0,0
7388,1,36.5629892630851,0,0,0,0,0
16007,1,36.5629892630851,0,0,0,0,0
10867,1,36.5629892630851,0,0,0,0,0
10744,1,36.5629892630851,0,0,0,0,0
31906,1,36.5629892630851,0,0,0,0,0
3845,1,36.5629892630851,0,0,0,0,0
29363,1,36.5629892630851,0,0,0,0,0
11973,1,36.5629892630851,0,0,0,0,0
22725,1,36.5629892630851,0,0,0,0,0
7787,1,36.5629892630851,0,0,0,0,0
30429,1,36.5629892630851,0,0,0,0,0
15380,1,36.5629892630851,0,0,0,0,0
23163,1,36.5629892630851,0,0,0,0,0
29286,1,36.5629892630851,0,0,0,0,0
155,1,36.5629892630851,0,0,0,0,0
4370,1,36.5629892630851,0,0,0,0,0
13905,1,36.5629892630851,0,0,0,0,0
17260,1,36.5629892630851,0,0,0,0,0
26410,1,36.5629892630851,0,0,0,0,0
27943,1,36.5629892630851,0,0,0,0,0
23503,1,36.5629892630851,0,0,0,0,0
28833,1,36.5629892630851,0,0,0,0,0
16626,1,36.5629892630851,0,0,0,0,0
15540,1,36.5629892630851,0,0,0,0,0
1615,1,36.5629892630851,0,0,0,0,0
5037,1,36.5629892630851,0,0,0,0,0
19863,1,36.5629892630851,0,0,0,0,0
28034,1,36.5629892630851,0,0,0,0,0
4546,1,36.5629892630851,0,0,0,0,0
20928,1,36.5629892630851,0,0,0,0,0
30062,1,36.5629892630851,0,0,0,0,0
2036,1,36.5629892630851,0,0,0,0,0
28460,1,36.5629892630851,0,0,0,0,0
9025,1,36.5629892630851,0,0,0,0,0
19138,1,36.5629892630851,0,0,0,0,0
6853,1,36.5629892630851,0,0,0,0,0
29580,1,36.5629892630851,0,0,0,0,0
27379,1,36.5629892630851,0,0,0,0,0
8308,1,36.5629892630851,0,0,0,0,0
10602,1,36.5629892630851,0,0,0,0,0
19889,1,36.5629892630851,0,0,0,0,0
4172,1,36.5629892630851,0,0,0,0,0
21325,1,36.5629892630851,0,0,0,0,0
8729,1,36.5629892630851,0,0,0,0,0
6246,1,36.5629892630851,0,0,0,0,0
31908,1,36.5629892630851,0,0,0,0,0
18293,1,36.5629892630851,0,0,0,0,0
6843,1,36.5629892630851,0,0,0,0,0
13306,1,36.5629892630851,0,0,0,0,0
25822,1,36.5629892630851,0,0,0,0,0
11939,1,36.5629892630851,0,0,0,0,0
2622,1,36.5629892630851,0,0,0,0,0
26687,1,36.5629892630851,0,0,0,0,0
12874,1,36.5629892630851,0,0,0,0,0
5508,1,36.5629892630851,0,0,0,0,0
15631,1,36.5629892630851,0,0,0,0,0
6057,1,36.5629892630851,0,0,0,0,0
15495,1,36.5629892630851,0,0,0,0,0
2397,1,36.5629892630851,0,0,0,0,0
8054,1,36.5629892630851,0,0,0,0,0
13056,1,36.5629892630851,0,0,0,0,0
30892,1,36.5629892630851,0,0,0,0,0
26925,1,36.5629892630851,0,0,0,0,0
14559,1,36.5629892630851,0,0,0,0,0
24877,1,36.5629892630851,0,0,0,0,0
18368,1,36.5629892630851,0,0,0,0,0
18673,1,36.5629892630851,0,0,0,0,0
20025,1,36.5629892630851,0,0,0,0,0
32063,1,36.5629892630851,0,0,0,0,0
16467,1,36.5629892630851,0,0,0,0,0
3761,1,36.5629892630851,0,0,0,0,0
6453,1,36.5629892630851,0,0,0,0,0
14905,1,36.5629892630851,0,0,0,0,0
25819,1,36.5629892630851,0,0,0,0,0
27551,1,36.5629892630851,0,0,0,0,0
26107,1,36.5629892630851,0,0,0,0,0
8663,1,36.5629892630851,0,0,0,0,0
7029,1,36.5629892630851,0,0,0,0,0
23015,1,36.5629892630851,0,0,0,0,0
7525,1,36.5629892630851,0,0,0,0,0
17815,1,36.5629892630851,0,0,0,0,0
25992,1,36.5629892630851,0,0,0,0,0
12776,1,36.5629892630851,0,0,0,0,0
27115,1,36.5629892630851,0,0,0,0,0
29245,1,36.5629892630851,0,0,0,0,0
14181,1,36.5629892630851,0,0,0,0,0
29089,1,36.5629892630851,0,0,0,0,0
158,1,36.5629892630851,0,0,0,0,0
812,1,36.5629892630851,0,0,0,0,0
7212,1,36.5629892630851,0,0,0,0,0
12339,1,36.5629892630851,0,0,0,0,0
31194,1,36.5629892630851,0,0,0,0,0
7315,1,36.5629892630851,0,0,0,0,0
19982,1,36.5629892630851,0,0,0,0,0
29678,1,36.5629892630851,0,0,0,0,0
14589,1,36.5629892630851,0,0,0,0,0
3047,1,36.5629892630851,0,0,0,0,0
675,1,36.5629892630851,0,0,0,0,0
29109,1,36.5629892630851,0,0,0,0,0
17171,1,36.5629892630851,0,0,0,0,0
18281,1,36.5629892630851,0,0,0,0,0
31823,1,36.5629892630851,0,0,0,0,0
86,1,36.5629892630851,0,0,0,0,0
13936,1,36.5629892630851,0,0,0,0,0
18480,1,36.5629892630851,0,0,0,0,0
16644,1,36.5629892630851,0,0,0,0,0
8918,1,36.5629892630851,0,0,0,0,0
11137,1,36.5629892630851,0,0,0,0,0
3519,1,36.5629892630851,0,0,0,0,0
3337,1,36.5629892630851,0,0,0,0,0
15742,1,36.5629892630851,0,0,0,0,0
23877,1,36.5629892630851,0,0,0,0,0
17984,1,36.5629892630851,0,0,0,0,0
9770,1,36.5629892630851,0,0,0,0,0
7615,1,36.5629892630851,0,0,0,0,0
23335,1,36.5629892630851,0,0,0,0,0
2635,1,36.5629892630851,0,0,0,0,0
26483,1,36.5629892630851,0,0,0,0,0
7851,1,36.5629892630851,0,0,0,0,0
27088,1,36.5629892630851,0,0,0,0,0
29623,1,36.5629892630851,0,0,0,0,0
3217,1,36.5629892630851,0,0,0,0,0
14847,1,36.5629892630851,0,0,0,0,0
1541,1,36.5629892630851,0,0,0,0,0
31070,1,36.5629892630851,0,0,0,0,0
24010,1,36.5629892630851,0,0,0,0,0
8105,1,36.5629892630851,0,0,0,0,0
25263,1,36.5629892630851,0,0,0,0,0
30328,1,36.5629892630851,0,0,0,0,0
21754,1,36.5629892630851,0,0,0,0,0
15451,1,36.5629892630851,0,0,0,0,0
30753,1,36.5629892630851,0,0,0,0,0
29591,2,0,0,0,0,0,0
29867,2,0,0,0,0,0,0
9160,2,0,0,0,0,0,0
6778,2,0,0,0,0,0,0
22842,2,0,0,0,0,0,0
16363,2,0,0,0,0,0,0
7990,2,0,0,0,0,0,0
15115,2,0,0,0,0,0,0
26213,2,0,0,0,0,0,0
24377,2,0,0,0,0,0,0
28859,2,0,0,0,0,0,0
7894,2,0,0,0,0,0,0
15064,2,0,0,0,0,0,0
12876,2,0,0,0,0,0,0
18380,2,0,0,0,0,0,0
21787,2,0,0,0,0,0,0
8832,2,0,0,0,0,0,0
21860,2,0,0,0,0,0,0
32263,2,0,0,0,0,0,0
26494,2,0,0,0,0,0,0
28831,2,0,0,0,0,0,0
9412,2,0,0,0,0,0,0
5686,2,0,0,0,0,0,0
5830,2,0,0,0,0,0,0
3613,2,0,0,0,0,0,0
3895,2,0,0,0,0,0,0
3968,2,0,0,0,0,0,0
7028,2,0,0,0,0,0,0
13981,2,0,0,0,0,0,0
29242,2,0,0,0,0,0,0
6379,2,0,0,0,0,0,0
13689,2,0,0,0,0,0,0
28684,2,0,0,0,0,0,0
9508,2,0,0,0,0,0,0
28011,2,0,0,0,0,0,0
19224,2,0,0,0,0,0,0
27392,2,0,0,0,0,0,0
4856,2,0,0,0,0,0,0
6917,2,0,0,0,0,0,0
12473,2,0,0,0,0,0,0
1256,2,0,0,0,0,0,0
17808,2,0,0,0,0,0,0
31818,2,0,0,0,0,0,0
18824,2,0,0,0,0,0,0
3545,2,0,0,0,0,0,0
18729,2,0,0,0,0,0,0
3344,2,0,0,0,0,0,0
14084,2,0,0,0,0,0,0
13403,2,0,0,0,0,0,0
30158,2,0,0,0,0,0,0
8176,2,0,0,0,0,0,0
1529,2,0,0,0,0,0,0
18706,2,0,0,0,0,0,0
180,2,0,0,0,0,0,0
18969,2,0,0,0,0,0,0
12174,2,0,0,0,0,0,0
9685,2,0,0,0,0,0,0
24807,2,0,0,0,0,0,0
9382,2,0,0,0,0,0,0
23457,2,0,0,0,0,0,0
19472,2,0,0,0,0,0,0
17210,2,0,0,0,0,0,0
30956,2,0,0,0,0,0,0
11722,2,0,0,0,0,0,0
5597,2,0,0,0,0,0,0
451,2,0,0,0,0,0,0
15436,2,0,0,0,0,0,0
26067,2,0,0,0,0,0,0
9445,2,0,0,0,0,0,0
8642,2,0,0,0,0,0,0
7645,2,0,0,0,0,0,0
17842,2,0,0,0,0,0,0
9392,2,0,0,0,0,0,0
2314,2,0,0,0,0,0,0
22225,2,0,0,0,0,0,0
27389,2,0,0,0,0,0,0
12223,2,0,0,0,0,0,0
6463,2,0,0,0,0,0,0
8891,2,0,0,0,0,0,0
29013,2,0,0,0,0,0,0
28756,2,0,0,0,0,0,0
9069,2,0,0,0,0,0,0
24813,2,0,0,0,0,0,0
20503,2,0,0,0,0,0,0
15086,2,0,0,0,0,0,0
12399,2,0,0,0,0,0,0
2666,2,0,0,0,0,0,0
23472,2,0,0,0,0,0,0
25170,2,0,0,0,0,0,0
30542,2,0,0,0,0,0,0
20674,2,0,0,0,0,0,0
31501,2,0,0,0,0,0,0
12701,2,0,0,0,0,0,0
30436,2,0,0,0,0,0,0
1549,2,0,0,0,0,0,0
6219,2,0,0,0,0,0,0
14313,2,0,0,0,0,0,0
23011,2,0,0,0,0,0,0
26373,2,0,0,0,0,0,0
25645,2,0,0,0,0,0,0
15433,2,0,0,0,0,0,0
25559,2,0,0,0,0,0,0
25494,2,0,0,0,0,0,0
21160,2,0,0,0,0,0,0
32670,2,0,0,0,0,0,0
21944,2,0,0,0,0,0,0
10940,2,0,0,0,0,0,0
2092,2,0,0,0,0,0,0
3863,2,0,0,0,0,0,0
18254,2,0,0,0,0,0,0
31974,2,0,0,0,0,0,0
10116,2,0,0,0,0,0,0
25649,2,0,0,0,0,0,0
14729,2,0,0,0,0,0,0
13068,2,0,0,0,0,0,0
25603,2,0,0,0,0,0,0
8514,2,0,0,0,0,0,0
8423,2,0,0,0,0,0,0
6180,2,0,0,0,0,0,0
16172,2,0,0,0,0,0,0
5169,2,0,0,0,0,0,0
17436,2,0,0,0,0,0,0
10057,2,0,0,0,0,0,0
26307,2,0,0,0,0,0,0
19582,2,0,0,0,0,0,0
16166,2,0,0,0,0,0,0
27665,2,0,0,0,0,0,0
13870,2,0,0,0,0,0,0
25110,2,0,0,0,0,0,0
1016,2,0,0,0,0,0,0
7286,2,0,0,0,0,0,0
13087,2,0,0,0,0,0,0
16395,2,0,0,0,0,0,0
24899,2,0,0,0,0,0,0
14857,2,0,0,0,0,0,0
21971,2,0,0,0,0,0,0
2321,2,0,0,0,0,0,0
3864,2,0,0,0,0,0,0
28848,2,0,0,0,0,0,0
24737,2,0,0,0,0,0,0
19807,2,0,0,0,0,0,0
2061,2,0,0,0,0,0,0
21842,2,0,0,0,0,0,0
26080,2,0,0,0,0,0,0
27918,2,0,0,0,0,0,0
26115,2,0,0,0,0,0,0
6224,2,0,0,0,0,0,0
16410,2,0,0,0,0,0,0
15400,2,0,0,0,0,0,0
6552,2,0,0,0,0,0,0
10059,2,0,0,0,0,0,0
18306,2,0,0,0,0,0,0
22618,2,0,0,0,0,0,0
4194,2,0,0,0,0,0,0
12941,2,0,0,0,0,0,0
11214,2,0,0,0,0,0,0
14944,2,0,0,0,0,0,0
1902,2,0,0,0,0,0,0
25331,2,0,0,0,0,0,0
30288,2,0,0,0,0,0,0
20009,2,0,0,0,0,0,0
24672,2,0,0,0,0,0,0
20957,2,0,0,0,0,0,0
365,2,0,0,0,0,0,0
5337,2,0,0,0,0,0,0
15760,2,0,0,0,0,0,0
18116,2,0,0,0,0,0,0
6866,2,0,0,0,0,0,0
3749,2,0,0,0,0,0,0
22187,2,0,0,0,0,0,0
18405,2,0,0,0,0,0,0
25732,2,0,0,0,0,0,0
8141,2,0,0,0,0,0,0
713,2,0,0,0,0,0,0
8038,2,0,0,0,0,0,0
7664,2,0,0,0,0,0,0
31401,2,0,0,0,0,0,0
4761,2,0,0,0,0,0,0
6690,2,0,0,0,0,0,0
7408,2,0,0,0,0,0,0
17240,2,0,0,0,0,0,0
5023,2,0,0,0,0,0,0
21432,2,0,0,0,0,0,0
13124,2,0,0,0,0,0,0
26183,2,0,0,0,0,0,0
10030,2,0,0,0,0,0,0
10372,2,0,0,0,0,0,0
24656,2,0,0,0,0,0,0
24677,2,0,0,0,0,0,0
2039,2,0,0,0,0,0,0
15421,2,0,0,0,0,0,0
2356,2,0,0,0,0,0,0
15546,2,0,0,0,0,0,0
10500,2,0,0,0,0,0,0
12360,2,0,0,0,0,0,0
24015,2,0,0,0,0,0,0
15539,2,0,0,0,0,0,0
16795,2,0,0,0,0,0,0
2780,2,0,0,0,0,0,0
28840,2,0,0,0,0,0,0
14134,2,0,0,0,0,0,0
20139,2,0,0,0,0,0,0
25990,2,0,0,0,0,0,0
32193,2,0,0,0,0,0,0
22095,2,0,0,0,0,0,0
16489,2,0,0,0,0,0,0
27602,2,0,0,0,0,0,0
11031,2,0,0,0,0,0,0
29564,2,0,0,0,0,0,0
3015,2,0,0,0,0,0,0
28668,2,0,0,0,0,0,0
31753,2,0,0,0,0,0,0
10265,2,0,0,0,0,0,0
14718,2,0,0,0,0,0,0
26686,2,0,0,0,0,0,0
27206,2,0,0,0,0,0,0
17439,2,0,0,0,0,0,0
9898,2,0,0,0,0,0,0
24826,2,0,0,0,0,0,0
17142,2,0,0,0,0,0,0
640,2,0,0,0,0,0,0
8691,2,0,0,0,0,0,0
9859,2,0,0,0,0,0,0
26664,2,0,0,0,0,0,0
14343,2,0,0,0,0,0,0
325,2,0,0,0,0,0,0
14306,2,0,0,0,0,0,0
31752,2,0,0,0,0,0,0
9639,2,0,0,0,0,0,0
24779,2,0,0,0,0,0,0
17426,2,0,0,0,0,0,0
14399,2,0,0,0,0,0,0
10280,2,0,0,0,0,0,0
27000,2,0,0,0,0,0,0
721,2,0,0,0,0,0,0
18830,2,0,0,0,0,0,0
3946,2,0,0,0,0,0,0
1960,2,0,0,0,0,0,0
2931,2,0,0,0,0,0,0
10284,2,0,0,0,0,0,0
9586,2,0,0,0,0,0,0
15712,2,0,0,0,0,0,0
20455,2,0,0,0,0,0,0
7531,2,0,0,0,0,0,0
25786,2,0,0,0,0,0,0
683,2,0,0,0,0,0,0
26761,2,0,0,0,0,0,0
30825,2,0,0,0,0,0,0
12379,2,0,0,0,0,0,0
5878,2,0,0,0,0,0,0
6052,2,0,0,0,0,0,0
26104,2,0,0,0,0,0,0
29092,2,0,0,0,0,0,0
27493,2,0,0,0,0,0,0
13554,2,0,0,0,0,0,0
22051,2,0,0,0,0,0,0
24347,2,0,0,0,0,0,0
2290,2,0,0,0,0,0,0
29824,2,0,0,0,0,0,0
28578,2,0,0,0,0,0,0
23386,2,0,0,0,0,0,0
3429,2,0,0,0,0,0,0
25454,2,0,0,0,0,0,0
19838,2,0,0,0,0,0,0
30248,2,0,0,0,0,0,0
8761,2,0,0,0,0,0,0
10709,2,0,0,0,0,0,0
689,2,0,0,0,0,0,0
14976,2,0,0,0,0,0,0
28579,2,0,0,0,0,0,0
27940,2,0,0,0,0,0,0
15963,2,0,0,0,0,0,0
27386,2,0,0,0,0,0,0
19529,2,0,0,0,0,0,0
17908,2,0,0,0,0,0,0
13496,2,0,0,0,0,0,0
13466,2,0,0,0,0,0,0
15917,2,0,0,0,0,0,0
11377,2,0,0,0,0,0,0
792,2,0,0,0,0,0,0
9599,2,0,0,0,0,0,0
30661,2,0,0,0,0,0,0
29481,2,0,0,0,0,0,0
9509,2,0,0,0,0,0,0
6065,2,0,0,0,0,0,0
29608,2,0,0,0,0,0,0
17012,2,0,0,0,0,0,0
14452,2,0,0,0,0,0,0
25130,2,0,0,0,0,0,0
31114,2,0,0,0,0,0,0
16112,2,0,0,0,0,0,0
12481,2,0,0,0,0,0,0
25581,2,0,0,0,0,0,0
14601,2,0,0,0,0,0,0
11709,2,0,0,0,0,0,0
30909,2,0,0,0,0,0,0
8199,2,0,0,0,0,0,0
10701,2,0,0,0,0,0,0
10476,2,0,0,0,0,0,0
11692,2,0,0,0,0,0,0
14686,2,0,0,0,0,0,0
31980,2,0,0,0,0,0,0
6629,2,0,0,0,0,0,0
11245,2,0,0,0,0,0,0
5874,2,0,0,0,0,0,0
20162,2,0,0,0,0,0,0
20862,2,0,0,0,0,0,0
18918,2,0,0,0,0,0,0
30155,2,0,0,0,0,0,0
32332,2,0,0,0,0,0,0
21991,2,0,0,0,0,0,0
8245,2,0,0,0,0,0,0
20679,2,0,0,0,0,0,0
9270,2,0,0,0,0,0,0
17916,2,0,0,0,0,0,0
17221,2,0,0,0,0,0,0
28201,2,0,0,0,0,0,0
26277,2,0,0,0,0,0,0
29570,2,0,0,0,0,0,0
10999,2,0,0,0,0,0,0
12134,2,0,0,0,0,0,0
31472,2,0,0,0,0,0,0
9968,2,0,0,0,0,0,0
5343,2,0,0,0,0,0,0
14709,2,0,0,0,0,0,0
14670,2,0,0,0,0,0,0
6036,2,0,0,0,0,0,0
15503,2,0,0,0,0,0,0
18098,2,0,0,0,0,0,0
7930,2,0,0,0,0,0,0
15556,2,0,0,0,0,0,0
17516,2,0,0,0,0,0,0
32763,2,0,0,0,0,0,0
25915,2,0,0,0,0,0,0
2323,2,0,0,0,0,0,0
27441,2,0,0,0,0,0,0
12459,2,0,0,0,0,0,0
3226,2,0,0,0,0,0,0
16164,2,0,0,0,0,0,0
10874,2,0,0,0,0,0,0
1602,2,0,0,0,0,0,0
30444,2,0,0,0,0,0,0
7143,2,0,0,0,0,0,0
7968,2,0,0,0,0,0,0
22689,2,0,0,0,0,0,0
19817,2,0,0,0,0,0,0
31327,2,0,0,0,0,0,0
14386,2,0,0,0,0,0,0
16533,2,0,0,0,0,0,0
23087,2,0,0,0,0,0,0
19851,2,0,0,0,0,0,0
32037,2,0,0,0,0,0,0
30168,2,0,0,0,0,0,0
31063,2,0,0,0,0,0,0
22802,2,0,0,0,0,0,0
30553,2,0,0,0,0,0,0
21033,2,0,0,0,0,0,0
20328,2,0,0,0,0,0,0
22834,2,0,0,0,0,0,0
29300,2,0,0,0,0,0,0
8938,2,0,0,0,0,0,0
5643,2,0,0,0,0,0,0
31623,2,0,0,0,0,0,0
20015,2,0,0,0,0,0,0
10425,2,0,0,0,0,0,0
18487,2,0,0,0,0,0,0
16830,2,0,0,0,0,0,0
17526,2,0,0,0,0,0,0
28686,2,0,0,0,0,0,0
30769,2,0,0,0,0,0,0
6617,2,0,0,0,0,0,0
32725,2,0,0,0,0,0,0
7960,2,0,0,0,0,0,0
30905,2,0,0,0,0,0,0
24843,2,0,0,0,0,0,0
13085,2,0,0,0,0,0,0
336,2,0,0,0,0,0,0
5758,2,0,0,0,0,0,0
9040,2,0,0,0,0,0,0
28911,2,0,0,0,0,0,0
8236,2,0,0,0,0,0,0
12504,2,0,0,0,0,0,0
26208,2,0,0,0,0,0,0
7290,2,0,0,0,0,0,0
2295,2,0,0,0,0,0,0
392,2,0,0,0,0,0,0
9088,2,0,0,0,0,0,0
5973,2,0,0,0,0,0,0
7689,2,0,0,0,0,0,0
24317,2,0,0,0,0,0,0
15727,2,0,0,0,0,0,0
15752,2,0,0,0,0,0,0
1673,2,0,0,0,0,0,0
10764,2,0,0,0,0,0,0
26124,2,0,0,0,0,0,0
10292,2,0,0,0,0,0,0
24803,2,0,0,0,0,0,0
17415,2,0,0,0,0,0,0
15692,2,0,0,0,0,0,0
2387,2,0,0,0,0,0,0
26087,2,0,0,0,0,0,0
32148,2,0,0,0,0,0,0
27664,2,0,0,0,0,0,0
11956,2,0,0,0,0,0,0
3306,2,0,0,0,0,0,0
15987,2,0,0,0,0,0,0
779,2,0,0,0,0,0,0
31068,2,0,0,0,0,0,0
8727,2,0,0,0,0,0,0
16383,2,0,0,0,0,0,0
22097,2,0,0,0,0,0,0
20971,2,0,0,0,0,0,0
26721,2,0,0,0,0,0,0
31498,2,0,0,0,0,0,0
833,2,0,0,0,0,0,0
29298,2,0,0,0,0,0,0
6300,2,0,0,0,0,0,0
25328,2,0,0,0,0,0,0
2547,2,0,0,0,0,0,0
19087,2,0,0,0,0,0,0
2563,2,0,0,0,0,0,0
12934,2,0,0,0,0,0,0
2709,2,0,0,0,0,0,0
20889,2,0,0,0,0,0,0
9631,2,0,0,0,0,0,0
14519,2,0,0,0,0,0,0
20474,2,0,0,0,0,0,0
8895,2,0,0,0,0,0,0
10249,2,0,0,0,0,0,0
28890,2,0,0,0,0,0,0
14276,2,0,0,0,0,0,0
22481,2,0,0,0,0,0,0
25695,2,0,0,0,0,0,0
11197,2,0,0,0,0,0,0
27260,2,0,0,0,0,0,0
4951,2,0,0,0,0,0,0
23384,2,0,0,0,0,0,0
17136,2,0,0,0,0,0,0
22355,2,0,0,0,0,0,0
2364,2,0,0,0,0,0,0
17907,2,0,0,0,0,0,0
24380,2,0,0,0,0,0,0
690,2,0,0,0,0,0,0
19337,2,0,0,0,0,0,0
28574,2,0,0,0,0,0,0
7323,2,0,0,0,0,0,0
27804,2,0,0,0,0,0,0
16950,2,0,0,0,0,0,0
32716,2,0,0,0,0,0,0
22242,2,0,0,0,0,0,0
2087,2,0,0,0,0,0,0
26155,2,0,0,0,0,0,0
17091,2,0,0,0,0,0,0
22308,2,0,0,0,0,0,0
20465,2,0,0,0,0,0,0
3189,2,0,0,0,0,0,0
16128,2,0,0,0,0,0,0
10247,2,0,0,0,0,0,0
22186,2,0,0,0,0,0,0
8103,2,0,0,0,0,0,0
8748,2,0,0,0,0,0,0
31584,2,0,0,0,0,0,0
14965,2,0,0,0,0,0,0
172,2,0,0,0,0,0,0
2868,2,0,0,0,0,0,0
8119,2,0,0,0,0,0,0
5372,2,0,0,0,0,0,0
25487,2,0,0,0,0,0,0
31031,2,0,0,0,0,0,0
31231,2,0,0,0,0,0,0
10233,2,0,0,0,0,0,0
6711,2,0,0,0,0,0,0
18778,2,0,0,0,0,0,0
22392,2,0,0,0,0,0,0
27145,2,0,0,0,0,0,0
26044,2,0,0,0,0,0,0
30771,2,0,0,0,0,0,0
22119,2,0,0,0,0,0,0
31972,2,0,0,0,0,0,0
23454,2,0,0,0,0,0,0
10099,2,0,0,0,0,0,0
25598,2,0,0,0,0,0,0
12159,2,0,0,0,0,0,0
22206,2,0,0,0,0,0,0
19702,2,0,0,0,0,0,0
14703,2,0,0,0,0,0,0
30777,2,0,0,0,0,0,0
4593,2,0,0,0,0,0,0
11305,2,0,0,0,0,0,0
32579,2,0,0,0,0,0,0
12618,2,0,0,0,0,0,0
24456,2,0,0,0,0,0,0
11499,2,0,0,0,0,0,0
16954,2,0,0,0,0,0,0
6249,2,0,0,0,0,0,0
12249,2,0,0,0,0,0,0
26821,2,0,0,0,0,0,0
15372,2,0,0,0,0,0,0
21126,2,0,0,0,0,0,0
14800,2,0,0,0,0,0,0
18644,2,0,0,0,0,0,0
20484,2,0,0,0,0,0,0
13222,2,0,0,0,0,0,0
14853,2,0,0,0,0,0,0
24900,2,0,0,0,0,0,0
6016,2,0,0,0,0,0,0
1250,2,0,0,0,0,0,0
14832,2,0,0,0,0,0,0
11838,2,0,0,0,0,0,0
10834,2,0,0,0,0,0,0
16453,2,0,0,0,0,0,0
8415,2,0,0,0,0,0,0
2899,2,0,0,0,0,0,0
4217,2,0,0,0,0,0,0
22341,2,0,0,0,0,0,0
17829,2,0,0,0,0,0,0
8603,2,0,0,0,0,0,0
9034,2,0,0,0,0,0,0
21173,2,0,0,0,0,0,0
6993,2,0,0,0,0,0,0
9576,2,0,0,0,0,0,0
5328,2,0,0,0,0,0,0
21490,2,0,0,0,0,0,0
29863,2,0,0,0,0,0,0
21734,2,0,0,0,0,0,0
23152,2,0,0,0,0,0,0
9600,2,0,0,0,0,0,0
8032,2,0,0,0,0,0,0
1617,2,0,0,0,0,0,0
5647,2,0,0,0,0,0,0
1646,2,0,0,0,0,0,0
19088,2,0,0,0,0,0,0
11210,2,0,0,0,0,0,0
13684,2,0,0,0,0,0,0
6725,2,0,0,0,0,0,0
26340,2,0,0,0,0,0,0
1423,2,0,0,0,0,0,0
25815,2,0,0,0,0,0,0
4246,2,0,0,0,0,0,0
29568,2,0,0,0,0,0,0
9606,2,0,0,0,0,0,0
23508,2,0,0,0,0,0,0
10333,2,0,0,0,0,0,0
30861,2,0,0,0,0,0,0
23348,2,0,0,0,0,0,0
23278,2,0,0,0,0,0,0
30113,2,0,0,0,0,0,0
15828,2,0,0,0,0,0,0
15183,2,0,0,0,0,0,0
1828,2,0,0,0,0,0,0
2552,2,0,0,0,0,0,0
26974,2,0,0,0,0,0,0
18688,2,0,0,0,0,0,0
31795,2,0,0,0,0,0,0
5031,2,0,0,0,0,0,0
2480,2,0,0,0,0,0,0
17914,2,0,0,0,0,0,0
17241,2,0,0,0,0,0,0
13952,2,0,0,0,0,0,0
8855,2,0,0,0,0,0,0
28891,2,0,0,0,0,0,0
27023,2,0,0,0,0,0,0
14099,2,0,0,0,0,0,0
9669,2,0,0,0,0,0,0
19916,2,0,0,0,0,0,0
25065,2,0,0,0,0,0,0
12898,2,0,0,0,0,0,0
24562,2,0,0,0,0,0,0
3767,2,0,0,0,0,0,0
7140,2,0,0,0,0,0,0
6429,2,0,0,0,0,0,0
4469,2,0,0,0,0,0,0
21473,2,0,0,0,0,0,0
10137,2,0,0,0,0,0,0
11129,2,0,0,0,0,0,0
17132,2,0,0,0,0,0,0
30963,2,0,0,0,0,0,0
29384,2,0,0,0,0,0,0
4723,2,0,0,0,0,0,0
29894,2,0,0,0,0,0,0
31602,2,0,0,0,0,0,0
21939,2,0,0,0,0,0,0
13569,2,0,0,0,0,0,0
31631,2,0,0,0,0,0,0
6865,2,0,0,0,0,0,0
14826,2,0,0,0,0,0,0
19219,2,0,0,0,0,0,0
31862,2,0,0,0,0,0,0
9246,2,0,0,0,0,0,0
448,2,0,0,0,0,0,0
21167,2,0,0,0,0,0,0
11804,2,0,0,0,0,0,0
21021,2,0,0,0,0,0,0
21729,2,0,0,0,0,0,0
20719,2,0,0,0,0,0,0
19139,2,0,0,0,0,0,0
19510,2,0,0,0,0,0,0
23114,2,0,0,0,0,0,0
16025,2,0,0,0,0,0,0
26082,2,0,0,0,0,0,0
22527,2,0,0,0,0,0,0
668,2,0,0,0,0,0,0
13269,2,0,0,0,0,0,0
13265,2,0,0,0,0,0,0
1090,2,0,0,0,0,0,0
10456,2,0,0,0,0,0,0
24773,2,0,0,0,0,0,0
3604,2,0,0,0,0,0,0
260,2,0,0,0,0,0,0
14565,2,0,0,0,0,0,0
32660,2,0,0,0,0,0,0
16089,2,0,0,0,0,0,0
6085,2,0,0,0,0,0,0
3529,2,0,0,0,0,0,0
17032,2,0,0,0,0,0,0
16847,2,0,0,0,0,0,0
22211,2,0,0,0,0,0,0
10344,2,0,0,0,0,0,0
27296,2,0,0,0,0,0,0
31954,2,0,0,0,0,0,0
6135,2,0,0,0,0,0,0
5293,2,0,0,0,0,0,0
18114,2,0,0,0,0,0,0
19334,2,0,0,0,0,0,0
24023,2,0,0,0,0,0,0
12062,2,0,0,0,0,0,0
24137,2,0,0,0,0,0,0
5170,2,0,0,0,0,0,0
28807,2,0,0,0,0,0,0
19463,2,0,0,0,0,0,0
25050,2,0,0,0,0,0,0
10475,2,0,0,0,0,0,0
24968,2,0,0,0,0,0,0
20960,2,0,0,0,0,0,0
701,2,0,0,0,0,0,0
15900,2,0,0,0,0,0,0
7164,2,0,0,0,0,0,0
31059,2,0,0,0,0,0,0
9851,2,0,0,0,0,0,0
8089,2,0,0,0,0,0,0
27051,2,0,0,0,0,0,0
278,2,0,0,0,0,0,0
7779,2,0,0,0,0,0,0
22803,2,0,0,0,0,0,0
11554,2,0,0,0,0,0,0
665,2,0,0,0,0,0,0
21518,2,0,0,0,0,0,0
29182,2,0,0,0,0,0,0
24216,2,0,0,0,0,0,0
17966,2,0,0,0,0,0,0
29162,2,0,0,0,0,0,0
12767,2,0,0,0,0,0,0
13575,2,0,0,0,0,0,0
13849,2,0,0,0,0,0,0
25662,2,0,0,0,0,0,0
22699,2,0,0,0,0,0,0
5254,2,0,0,0,0,0,0
26041,2,0,0,0,0,0,0
16231,2,0,0,0,0,0,0
27345,2,0,0,0,0,0,0
15856,2,0,0,0,0,0,0
4023,2,0,0,0,0,0,0
7993,2,0,0,0,0,0,0
14637,2,0,0,0,0,0,0
23930,2,0,0,0,0,0,0
28983,2,0,0,0,0,0,0
6649,2,0,0,0,0,0,0
22026,2,0,0,0,0,0,0
13224,2,0,0,0,0,0,0
11952,2,0,0,0,0,0,0
15870,2,0,0,0,0,0,0
2920,2,0,0,0,0,0,0
13119,2,0,0,0,0,0,0
25524,2,0,0,0,0,0,0
14654,2,0,0,0,0,0,0
7048,2,0,0,0,0,0,0
5397,2,0,0,0,0,0,0
4830,2,0,0,0,0,0,0
30331,2,0,0,0,0,0,0
10891,2,0,0,0,0,0,0
3542,2,0,0,0,0,0,0
15396,2,0,0,0,0,0,0
2052,2,0,0,0,0,0,0
31489,2,0,0,0,0,0,0
10819,2,0,0,0,0,0,0
27244,2,0,0,0,0,0,0
4441,2,0,0,0,0,0,0
5348,2,0,0,0,0,0,0
150,2,0,0,0,0,0,0
693,2,0,0,0,0,0,0
32278,2,0,0,0,0,0,0
14531,2,0,0,0,0,0,0
28400,2,0,0,0,0,0,0
13198,2,0,0,0,0,0,0
8910,2,0,0,0,0,0,0
19990,2,0,0,0,0,0,0
22961,2,0,0,0,0,0,0
1853,2,0,0,0,0,0,0
30236,2,0,0,0,0,0,0
11180,2,0,0,0,0,0,0
5140,2,0,0,0,0,0,0
19831,2,0,0,0,0,0,0
29130,2,0,0,0,0,0,0
24590,2,0,0,0,0,0,0
15509,2,0,0,0,0,0,0
8356,2,0,0,0,0,0,0
25072,2,0,0,0,0,0,0
3199,2,0,0,0,0,0,0
19922,2,0,0,0,0,0,0
22909,2,0,0,0,0,0,0
1025,2,0,0,0,0,0,0
9489,2,0,0,0,0,0,0
26525,2,0,0,0,0,0,0
10102,2,0,0,0,0,0,0
28225,2,0,0,0,0,0,0
19764,2,0,0,0,0,0,0
19542,2,0,0,0,0,0,0
10302,2,0,0,0,0,0,0
8417,2,0,0,0,0,0,0
1052,2,0,0,0,0,0,0
29017,2,0,0,0,0,0,0
14520,2,0,0,0,0,0,0
1258,2,0,0,0,0,0,0
12457,2,0,0,0,0,0,0
1384,2,0,0,0,0,0,0
27605,2,0,0,0,0,0,0
23736,2,0,0,0,0,0,0
17457,2,0,0,0,0,0,0
19979,2,0,0,0,0,0,0
22402,2,0,0,0,0,0,0
19323,2,0,0,0,0,0,0
8745,2,0,0,0,0,0,0
13113,2,0,0,0,0,0,0
26325,2,0,0,0,0,0,0
3114,2,0,0,0,0,0,0
5385,2,0,0,0,0,0,0
20554,2,0,0,0,0,0,0
14995,2,0,0,0,0,0,0
32123,2,0,0,0,0,0,0
26032,2,0,0,0,0,0,0
12091,2,0,0,0,0,0,0
15590,2,0,0,0,0,0,0
18591,2,0,0,0,0,0,0
31925,2,0,0,0,0,0,0
6664,2,0,0,0,0,0,0
22599,2,0,0,0,0,0,0
10447,2,0,0,0,0,0,0
32156,2,0,0,0,0,0,0
7693,2,0,0,0,0,0,0
5013,2,0,0,0,0,0,0
15108,2,0,0,0,0,0,0
5896,2,0,0,0,0,0,0
28141,2,0,0,0,0,0,0
24632,2,0,0,0,0,0,0
3647,2,0,0,0,0,0,0
23079,2,0,0,0,0,0,0
5790,2,0,0,0,0,0,0
27719,2,0,0,0,0,0,0
29395,2,0,0,0,0,0,0
32465,2,0,0,0,0,0,0
31915,2,0,0,0,0,0,0
5156,2,0,0,0,0,0,0
32305,2,0,0,0,0,0,0
18991,2,0,0,0,0,0,0
30778,2,0,0,0,0,0,0
14436,2,0,0,0,0,0,0
14067,2,0,0,0,0,0,0
9679,2,0,0,0,0,0,0
134,2,0,0,0,0,0,0
23395,2,0,0,0,0,0,0
11439,2,0,0,0,0,0,0
13853,2,0,0,0,0,0,0
12705,2,0,0,0,0,0,0
7299,2,0,0,0,0,0,0
12787,2,0,0,0,0,0,0
3378,2,0,0,0,0,0,0
19612,2,0,0,0,0,0,0
7847,2,0,0,0,0,0,0
12069,2,0,0,0,0,0,0
18956,2,0,0,0,0,0,0
29283,2,0,0,0,0,0,0
29734,2,0,0,0,0,0,0
16766,2,0,0,0,0,0,0
14090,2,0,0,0,0,0,0
31270,2,0,0,0,0,0,0
5711,2,0,0,0,0,0,0
25120,2,0,0,0,0,0,0
3417,2,0,0,0,0,0,0
16169,2,0,0,0,0,0,0
26584,2,0,0,0,0,0,0
18173,2,0,0,0,0,0,0
8440,2,0,0,0,0,0,0
1596,2,0,0,0,0,0,0
10432,2,0,0,0,0,0,0
323,2,0,0,0,0,0,0
31815,2,0,0,0,0,0,0
24753,2,0,0,0,0,0,0
30950,2,0,0,0,0,0,0
18145,2,0,0,0,0,0,0
21184,2,0,0,0,0,0,0
8772,2,0,0,0,0,0,0
16275,2,0,0,0,0,0,0
31895,2,0,0,0,0,0,0
8217,2,0,0,0,0,0,0
12890,2,0,0,0,0,0,0
31633,2,0,0,0,0,0,0
7763,2,0,0,0,0,0,0
6990,2,0,0,0,0,0,0
23606,2,0,0,0,0,0,0
21683,2,0,0,0,0,0,0
22581,2,0,0,0,0,0,0
3554,2,0,0,0,0,0,0
7153,2,0,0,0,0,0,0
18510,2,0,0,0,0,0,0
23624,2,0,0,0,0,0,0
7347,2,0,0,0,0,0,0
24443,2,0,0,0,0,0,0
31722,2,0,0,0,0,0,0
21261,2,0,0,0,0,0,0
20114,2,0,0,0,0,0,0
18879,2,0,0,0,0,0,0
14380,2,0,0,0,0,0,0
31949,2,0,0,0,0,0,0
21445,2,0,0,0,0,0,0
32748,2,0,0,0,0,0,0
5320,2,0,0,0,0,0,0
13180,2,0,0,0,0,0,0
423,2,0,0,0,0,0,0
979,2,0,0,0,0,0,0
30764,2,0,0,0,0,0,0
31641,2,0,0,0,0,0,0
29175,2,0,0,0,0,0,0
21483,2,0,0,0,0,0,0
573,2,0,0,0,0,0,0
27520,2,0,0,0,0,0,0
16123,2,0,0,0,0,0,0
15563,2,0,0,0,0,0,0
23134,2,0,0,0,0,0,0
15910,2,0,0,0,0,0,0
18734,2,0,0,0,0,0,0
505,2,0,0,0,0,0,0
13031,2,0,0,0,0,0,0
19771,2,0,0,0,0,0,0
6176,2,0,0,0,0,0,0
30289,2,0,0,0,0,0,0
22058,2,0,0,0,0,0,0
18844,2,0,0,0,0,0,0
10726,2,0,0,0,0,0,0
11156,2,0,0,0,0,0,0
855,2,0,0,0,0,0,0
768,2,0,0,0,0,0,0
19140,2,0,0,0,0,0,0
29735,2,0,0,0,0,0,0
25798,2,0,0,0,0,0,0
24375,2,0,0,0,0,0,0
18481,2,0,0,0,0,0,0
20729,2,0,0,0,0,0,0
28382,2,0,0,0,0,0,0
23947,2,0,0,0,0,0,0
7155,2,0,0,0,0,0,0
2651,2,0,0,0,0,0,0
23862,2,0,0,0,0,0,0
8004,2,0,0,0,0,0,0
28985,2,0,0,0,0,0,0
12276,2,0,0,0,0,0,0
2373,2,0,0,0,0,0,0
32613,2,0,0,0,0,0,0
10530,2,0,0,0,0,0,0
28388,2,0,0,0,0,0,0
663,2,0,0,0,0,0,0
29915,2,0,0,0,0,0,0
11984,2,0,0,0,0,0,0
31719,2,0,0,0,0,0,0
28882,2,0,0,0,0,0,0
1453,2,0,0,0,0,0,0
1927,2,0,0,0,0,0,0
26855,2,0,0,0,0,0,0
10939,2,0,0,0,0,0,0
20800,2,0,0,0,0,0,0
24814,2,0,0,0,0,0,0
2463,2,0,0,0,0,0,0
8656,2,0,0,0,0,0,0
18950,2,0,0,0,0,0,0
29193,2,0,0,0,0,0,0
11108,2,0,0,0,0,0,0
8239,2,0,0,0,0,0,0
26493,2,0,0,0,0,0,0
32549,2,0,0,0,0,0,0
29537,2,0,0,0,0,0,0
14050,2,0,0,0,0,0,0
10950,2,0,0,0,0,0,0
19295,2,0,0,0,0,0,0
22009,2,0,0,0,0,0,0
22120,2,0,0,0,0,0,0
6808,2,0,0,0,0,0,0
18252,2,0,0,0,0,0,0
3593,2,0,0,0,0,0,0
15758,2,0,0,0,0,0,0
4643,2,0,0,0,0,0,0
7008,2,0,0,0,0,0,0
20510,2,0,0,0,0,0,0
19992,2,0,0,0,0,0,0
30951,2,0,0,0,0,0,0
22920,2,0,0,0,0,0,0
14582,2,0,0,0,0,0,0
15055,2,0,0,0,0,0,0
31609,2,0,0,0,0,0,0
30872,2,0,0,0,0,0,0
12348,2,0,0,0,0,0,0
25143,2,0,0,0,0,0,0
10594,2,0,0,0,0,0,0
25889,2,0,0,0,0,0,0
24192,2,0,0,0,0,0,0
9556,2,0,0,0,0,0,0
23180,2,0,0,0,0,0,0
9836,2,0,0,0,0,0,0
4651,2,0,0,0,0,0,0
12122,2,0,0,0,0,0,0
1532,2,0,0,0,0,0,0
5235,2,0,0,0,0,0,0
15960,2,0,0,0,0,0,0
12376,2,0,0,0,0,0,0
7382,2,0,0,0,0,0,0
1878,2,0,0,0,0,0,0
13820,2,0,0,0,0,0,0
23210,2,0,0,0,0,0,0
5632,2,0,0,0,0,0,0
29644,2,0,0,0,0,0,0
6431,2,0,0,0,0,0,0
28495,2,0,0,0,0,0,0
5246,2,0,0,0,0,0,0
5201,2,0,0,0,0,0,0
7141,2,0,0,0,0,0,0
1253,2,0,0,0,0,0,0
21669,2,0,0,0,0,0,0
3989,2,0,0,0,0,0,0
27516,2,0,0,0,0,0,0
17489,2,0,0,0,0,0,0
22316,2,0,0,0,0,0,0
28820,2,0,0,0,0,0,0
23470,2,0,0,0,0,0,0
25231,2,0,0,0,0,0,0
30104,2,0,0,0,0,0,0
26714,2,0,0,0,0,0,0
495,2,0,0,0,0,0,0
4020,2,0,0,0,0,0,0
10620,2,0,0,0,0,0,0
3531,2,0,0,0,0,0,0
15551,2,0,0,0,0,0,0
31774,2,0,0,0,0,0,0
15455,2,0,0,0,0,0,0
28935,2,0,0,0,0,0,0
13461,2,0,0,0,0,0,0
21840,2,0,0,0,0,0,0
23678,2,0,0,0,0,0,0
7451,2,0,0,0,0,0,0
28029,2,0,0,0,0,0,0
69,2,0,0,0,0,0,0
4919,2,0,0,0,0,0,0
1442,2,0,0,0,0,0,0
19667,2,0,0,0,0,0,0
20243,2,0,0,0,0,0,0
7016,2,0,0,0,0,0,0
24504,2,0,0,0,0,0,0
22365,2,0,0,0,0,0,0
31894,2,0,0,0,0,0,0
10493,2,0,0,0,0,0,0
20984,2,0,0,0,0,0,0
8908,2,0,0,0,0,0,0
18043,2,0,0,0,0,0,0
18453,2,0,0,0,0,0,0
10251,2,0,0,0,0,0,0
24577,2,0,0,0,0,0,0
24686,2,0,0,0,0,0,0
31278,2,0,0,0,0,0,0
7278,2,0,0,0,0,0,0
14296,2,0,0,0,0,0,0
7527,2,0,0,0,0,0,0
17970,2,0,0,0,0,0,0
17544,2,0,0,0,0,0,0
22078,2,0,0,0,0,0,0
2025,2,0,0,0,0,0,0
28827,2,0,0,0,0,0,0
13567,2,0,0,0,0,0,0
3628,2,0,0,0,0,0,0
30673,2,0,0,0,0,0,0
975,2,0,0,0,0,0,0
3584,2,0,0,0,0,0,0
16413,2,0,0,0,0,0,0
22099,2,0,0,0,0,0,0
12726,2,0,0,0,0,0,0
6795,2,0,0,0,0,0,0
11401,2,0,0,0,0,0,0
10269,2,0,0,0,0,0,0
16239,2,0,0,0,0,0,0
28543,2,0,0,0,0,0,0
6526,2,0,0,0,0,0,0
22484,2,0,0,0,0,0,0
18193,2,0,0,0,0,0,0
26510,2,0,0,0,0,0,0
