transcript,position,selCoef,T0_AF
TRINITY_DN10409_c0_g1_i1,80,0.146755713921576,0.916
TRINITY_DN10565_c0_g1_i1,190,0.117575194538202,0.038
TRINITY_DN11103_c0_g2_i1,146,0.104705328592547,0.6075
TRINITY_DN12782_c0_g1_i1,303,0.142075845108729,0.0045
TRINITY_DN13107_c0_g1_i1,13,0.0571347137441801,0.5925
TRINITY_DN13188_c0_g1_i1,426,0.137203454816823,0.2435
TRINITY_DN13323_c0_g1_i1,804,0.151031425060594,0.7305
TRINITY_DN13761_c0_g1_i2,104,0.10238231257405,0.856
TRINITY_DN14443_c0_g1_i1,168,0.107414870912116,0.0125
TRINITY_DN14642_c0_g1_i2,79,0.0791106337393107,0.4865
TRINITY_DN14729_c0_g1_i1,275,0.0773727441147977,0.1795
TRINITY_DN14845_c0_g1_i2,506,0.0734551927853392,0.355
TRINITY_DN14944_c0_g1_i2,228,0.0754819718190062,0.477
TRINITY_DN15287_c0_g1_i1,24,0.107753239569284,0.08
TRINITY_DN15489_c0_g1_i3,96,0.1435492931153,0.029
TRINITY_DN15586_c0_g1_i4,88,0.0586875005316819,0.3025
TRINITY_DN15586_c0_g1_i4,121,0.0821545365334905,0.3995
TRINITY_DN15586_c0_g1_i4,154,0.0795450993062557,0.2515
TRINITY_DN15779_c0_g1_i2,354,0.072440385743967,0.619
TRINITY_DN16078_c0_g1_i1,494,0.212629788618094,0.7995
TRINITY_DN16175_c0_g1_i2,309,0.151443352797497,0.006
TRINITY_DN16375_c0_g1_i1,199,0.100443559146211,0.044
TRINITY_DN16398_c0_g1_i6,505,0.166936744932831,0.007
TRINITY_DN16692_c0_g1_i1,131,0.143302616709634,0.01
TRINITY_DN16699_c0_g1_i1,265,0.0786023478257067,0.631
TRINITY_DN16721_c0_g1_i1,58,0.195612773168192,0.8645
TRINITY_DN16731_c0_g1_i2,27,0.112984961643476,0.9595
TRINITY_DN16753_c0_g1_i1,185,0.133326194647525,0.0235
TRINITY_DN1704_c0_g1_i2,49,0.0805318575087021,0.75
TRINITY_DN1704_c0_g1_i2,56,0.0950428462806826,0.785
TRINITY_DN17083_c0_g1_i1,196,0.105479528587278,0.062
TRINITY_DN17262_c0_g1_i9,340,0.118465612066352,0.7585
TRINITY_DN17262_c0_g1_i9,356,0.0775936132297155,0.1265
TRINITY_DN17264_c0_g1_i1,270,0.151178480363434,0.8535
TRINITY_DN17338_c0_g1_i1,137,0.16364178092875,0.9525
TRINITY_DN17449_c0_g1_i1,290,0.10414719311063,0.471
TRINITY_DN17454_c0_g1_i5,121,0.114472405462745,0.922
TRINITY_DN17469_c0_g1_i1,175,0.0730464400852086,0.802
TRINITY_DN17471_c1_g1_i1,240,0.105525600852036,0.7725
TRINITY_DN17476_c0_g1_i2,480,0.129800177275763,0.9585
TRINITY_DN17544_c0_g2_i1,462,0.0714373446512805,0.7705
TRINITY_DN17760_c0_g1_i1,435,0.0814410225327843,0.779
TRINITY_DN17800_c0_g1_i1,86,0.122515027806261,0.0455
TRINITY_DN17905_c1_g1_i3,731,0.0887488866608213,0.8045
TRINITY_DN17978_c0_g1_i2,462,0.156466730070052,0.925
TRINITY_DN18024_c0_g1_i1,594,0.291912015109013,0.279
TRINITY_DN18080_c0_g1_i1,588,0.0762807275793844,0.1425
TRINITY_DN18150_c0_g1_i3,425,0.228523226070852,0.0315
TRINITY_DN18173_c1_g1_i2,149,0.0979455388310937,0.2815
TRINITY_DN18177_c0_g1_i2,752,0.108201316033228,0.885
TRINITY_DN18240_c0_g1_i1,236,0.0897247191237749,0.044
TRINITY_DN18270_c0_g1_i3,973,0.0925018217533618,0.7755
TRINITY_DN18304_c0_g1_i4,230,0.0679946873361165,0.254
TRINITY_DN18309_c0_g1_i7,274,0.0651366821007256,0.767
TRINITY_DN18354_c0_g1_i1,702,0.126291261671951,0.7955
TRINITY_DN18434_c1_g1_i3,341,0.0724488819642362,0.3755
TRINITY_DN18438_c0_g1_i1,133,0.062309797961135,0.515
TRINITY_DN18526_c0_g1_i1,41,0.184707428820725,0
TRINITY_DN18543_c0_g1_i1,402,0.0985704807312368,0.5325
TRINITY_DN18712_c0_g1_i1,936,0.0677901750943023,0.404
TRINITY_DN18769_c0_g1_i4,65,0.128688090068879,0.039
TRINITY_DN18770_c0_g1_i3,73,0.0723761651837314,0.7465
TRINITY_DN18820_c0_g1_i3,134,0.142927509850545,0.8085
TRINITY_DN18982_c0_g1_i1,351,0.067933664540204,0.4925
TRINITY_DN19129_c0_g1_i2,60,0.065513554657889,0.287
TRINITY_DN19183_c0_g1_i1,115,0.119078313271005,0.806
TRINITY_DN19204_c0_g1_i1,449,0.114752496872527,0.1085
TRINITY_DN19244_c0_g1_i5,198,0.135897315462875,0.0105
TRINITY_DN19266_c0_g1_i1,43,0.144132772926813,0.0145
TRINITY_DN19292_c0_g1_i1,36,0.139192552445461,0.0325
TRINITY_DN19313_c0_g1_i2,278,0.115317475996773,0.7255
TRINITY_DN19355_c0_g1_i2,39,0.0680280915900421,0.0725
TRINITY_DN19404_c3_g1_i1,555,0.180560395684277,0.0145
TRINITY_DN19404_c3_g1_i1,559,0.1797776518449,0.0145
TRINITY_DN19404_c3_g1_i1,563,0.186262553855515,0.016
TRINITY_DN19407_c1_g1_i8,1029,0.0967554193641801,0.825
TRINITY_DN19415_c0_g1_i1,126,0.144435522040369,0.883
TRINITY_DN19490_c0_g1_i11,238,0.0801561048966509,0.1645
TRINITY_DN19490_c0_g1_i11,241,0.0633590267158714,0.3345
TRINITY_DN19490_c0_g1_i11,258,0.0777241358686429,0.1675
TRINITY_DN19515_c3_g2_i4,160,0.152404862659115,0.953
TRINITY_DN19576_c8_g1_i2,339,0.0799774479920933,0.4025
TRINITY_DN19684_c6_g2_i1,402,0.115934388445101,0.799
TRINITY_DN19698_c1_g1_i1,6,0.477419218115517,0.2735
TRINITY_DN19699_c3_g1_i1,457,0.0704598140756237,0.108
TRINITY_DN19721_c4_g1_i1,290,0.130563558712074,0.9585
TRINITY_DN19752_c0_g2_i1,164,0.044768949124833,0.1565
TRINITY_DN19767_c9_g1_i3,308,0.188840850860517,0.011
TRINITY_DN19770_c1_g1_i4,178,0.163752368141852,0.004
TRINITY_DN19795_c4_g1_i14,545,0.0915499774960628,0.195
TRINITY_DN19795_c4_g1_i3,422,0.06076494580093,0.587
TRINITY_DN19795_c4_g1_i3,582,0.10762394650198,0.4925
TRINITY_DN19847_c1_g1_i5,192,0.084297468471037,0.6905
TRINITY_DN19859_c9_g2_i2,76,0.135011723092956,0.891
TRINITY_DN19861_c3_g3_i1,689,0.161499875574799,0.0145
TRINITY_DN19867_c4_g1_i1,226,0.0213694951719653,0.0365
TRINITY_DN19878_c11_g4_i1,548,0.075506175712634,0.391
TRINITY_DN19919_c8_g1_i1,45,0.0997934910168414,0.6825
TRINITY_DN19951_c0_g1_i1,195,0.205643478227834,0.0085
TRINITY_DN20003_c8_g2_i3,61,0.0806630220694377,0.1235
TRINITY_DN20005_c4_g1_i2,484,0.130736740470141,0.0525
TRINITY_DN20005_c4_g1_i2,499,0.133059177433142,0.045
TRINITY_DN20097_c6_g1_i1,670,0.0909218973895829,0.068
TRINITY_DN20121_c4_g1_i12,204,0.159004908786129,0.925
TRINITY_DN20134_c7_g1_i3,586,0.0801718329500914,0.089
TRINITY_DN20165_c0_g2_i7,247,0.123435008494773,0.0595
TRINITY_DN20180_c7_g1_i1,159,0.0743033986481917,0.3815
TRINITY_DN20189_c2_g1_i5,685,0.224416151633045,0.8375
TRINITY_DN20200_c6_g1_i1,374,0.0730368656106239,0.3945
TRINITY_DN20207_c5_g1_i1,246,0.150114678043624,0.8805
TRINITY_DN20231_c2_g1_i1,1357,0.0703479391722952,0.3805
TRINITY_DN20279_c12_g1_i5,95,0.119851129773592,0.0135
TRINITY_DN20283_c5_g1_i1,886,0.0756558336804399,0.161
TRINITY_DN20291_c4_g1_i3,780,0.143454696829371,0.8815
TRINITY_DN20300_c4_g1_i3,34,0.133467009931034,0.04
TRINITY_DN20312_c2_g1_i1,72,0.111395073471376,0.963
TRINITY_DN20345_c2_g1_i4,361,0.0862250573378135,0.14
TRINITY_DN20397_c0_g1_i2,193,0.101484301946402,0.895
TRINITY_DN20397_c1_g1_i1,137,0.178791913037571,0.9455
TRINITY_DN20411_c0_g1_i4,658,0.140117251741256,0.9355
TRINITY_DN20420_c6_g2_i4,307,0.103794723740726,0.007
TRINITY_DN20420_c6_g2_i4,309,0.0820110035854551,0.7115
TRINITY_DN20426_c9_g1_i1,593,0.105136641770963,0.849
TRINITY_DN20448_c1_g1_i3,377,0.0584178574871973,0.4615
TRINITY_DN20469_c1_g3_i2,693,0.0846983848359518,0.7185
TRINITY_DN20493_c4_g1_i2,13,0.137669928385148,0.034
TRINITY_DN20511_c6_g1_i1,510,0.0959801305935325,0.1075
TRINITY_DN20557_c0_g1_i11,60,0.0942758888075843,0.821
TRINITY_DN20557_c0_g1_i11,62,0.107388779183103,0.817
TRINITY_DN20557_c0_g1_i11,72,0.0820857171431676,0.6185
TRINITY_DN20557_c0_g1_i11,78,0.115967594129304,0.786
TRINITY_DN20557_c0_g1_i11,80,0.109864907976706,0.7885
TRINITY_DN20557_c0_g1_i11,81,0.105285736722688,0.765
TRINITY_DN20557_c0_g1_i11,93,0.0730137742334628,0.866
TRINITY_DN20557_c0_g1_i11,455,0.0644673435515522,0.2035
TRINITY_DN20557_c0_g1_i11,484,0.0626727920098541,0.228
TRINITY_DN20557_c0_g1_i11,496,0.0646123353969789,0.2215
TRINITY_DN20557_c0_g1_i11,532,0.0771865390367344,0.2145
TRINITY_DN20557_c0_g1_i11,538,0.0659351125504898,0.246
TRINITY_DN20557_c0_g1_i11,540,0.0694256005365582,0.2505
TRINITY_DN20557_c0_g1_i11,541,0.0631582523515026,0.2735
TRINITY_DN20562_c1_g1_i14,170,0.145608470144071,0.937
TRINITY_DN20565_c4_g1_i1,95,0.0890156482681139,0.3535
TRINITY_DN20591_c1_g1_i2,219,0.100007146105801,0.5425
TRINITY_DN20605_c2_g1_i1,856,0.0927013033957663,0.547
TRINITY_DN20607_c2_g4_i3,36,0.0861424204795813,0.2915
TRINITY_DN20614_c3_g1_i2,120,0.0821783938689583,0.155
TRINITY_DN20614_c3_g1_i2,123,0.0809258130056286,0.6865
TRINITY_DN20628_c7_g1_i5,410,0.0527843005591763,0.1105
TRINITY_DN20638_c7_g1_i3,238,0.178359952967792,0.918
TRINITY_DN20649_c5_g1_i8,181,0.153198232617424,0.8495
TRINITY_DN20656_c3_g3_i3,649,0.128862011841244,0.061
TRINITY_DN20668_c4_g1_i4,163,0.124357721559076,0.8805
TRINITY_DN20680_c1_g1_i1,334,0.0949874985723241,0.0505
TRINITY_DN20694_c1_g2_i2,526,0.183437344383842,0.9155
TRINITY_DN20710_c0_g3_i3,28,0.179340215870239,0.909
TRINITY_DN20713_c8_g1_i1,47,0.207193506904313,0.0225
TRINITY_DN20714_c6_g3_i1,1034,0.0842313951825237,0.5785
TRINITY_DN20757_c0_g1_i2,1640,0.171803055091831,0.9485
TRINITY_DN20762_c8_g1_i1,356,0.0693316448517598,0.3775
TRINITY_DN20779_c6_g1_i2,108,0.118882699733609,0.6675
TRINITY_DN20779_c6_g1_i2,117,0.194580033969503,0.9315
TRINITY_DN20798_c2_g1_i7,612,0.070373648000856,0.147
TRINITY_DN20822_c9_g1_i1,116,0.076159386161138,0.1695
TRINITY_DN20822_c9_g1_i1,125,0.177724950407982,0.913
TRINITY_DN20842_c2_g1_i1,307,0.0769005671104945,0.373
TRINITY_DN20847_c4_g2_i9,1071,0.114796239191844,0.061
TRINITY_DN20897_c5_g2_i1,279,0.158722202915303,0.0145
TRINITY_DN20898_c10_g2_i4,12,0.0773309688224903,0.3385
TRINITY_DN20955_c7_g1_i2,973,0.172110847546142,0.0115
TRINITY_DN20973_c1_g1_i7,34,0.103192019700787,0.4745
TRINITY_DN20973_c1_g1_i7,48,0.0876041243764642,0.417
TRINITY_DN20973_c1_g1_i7,52,0.229923264499295,0.5345
TRINITY_DN20977_c0_g1_i2,1620,0.164024984056208,0.8555
TRINITY_DN20987_c0_g1_i1,1470,0.162411072899703,0.9205
TRINITY_DN21001_c4_g3_i1,1188,0.148364424192988,0.0065
TRINITY_DN21014_c6_g1_i1,117,0.123492435459172,0.7915
TRINITY_DN21040_c10_g1_i1,416,0.111373084056792,0.191
TRINITY_DN21049_c3_g1_i3,248,0.113080388140748,0.0555
TRINITY_DN21055_c8_g1_i1,270,0.189001227169732,0.9145
TRINITY_DN21058_c4_g1_i1,111,0.0913785851638072,0.15
TRINITY_DN21074_c0_g4_i5,309,0.102340239487156,0.7985
TRINITY_DN21113_c4_g1_i3,288,0.199094201994269,0.0235
TRINITY_DN21135_c8_g1_i5,292,0.0937785006084414,0.326
TRINITY_DN21183_c6_g1_i2,319,0.162830846869808,0.953
TRINITY_DN21225_c12_g1_i4,418,0.0730152805279676,0.6085
TRINITY_DN21254_c2_g1_i4,84,0.139734364388193,0.01
TRINITY_DN21258_c0_g2_i2,286,0.0769592417339146,0.415
TRINITY_DN21259_c4_g2_i1,161,0.203928371879843,0.8815
TRINITY_DN21318_c3_g1_i1,405,0.166806777027697,0.949
TRINITY_DN21356_c3_g1_i15,260,0.0693485390339177,0.425
TRINITY_DN21360_c1_g1_i1,228,0.0668803310425374,0.192
TRINITY_DN21387_c8_g3_i1,3,0.159828301516166,0.0965
TRINITY_DN21408_c2_g1_i2,121,0.123301668700006,0.04
TRINITY_DN21408_c2_g1_i2,123,0.181651901606793,0.941
TRINITY_DN21444_c8_g1_i2,770,0.134703238195088,0.745
TRINITY_DN21458_c3_g1_i1,73,0.0632455054376712,0.4925
TRINITY_DN21506_c4_g1_i1,130,0.137393828772798,0.91
TRINITY_DN21514_c3_g1_i2,47,0.168658301382657,0.9505
TRINITY_DN21519_c4_g2_i4,202,0.0730005658607384,0.3505
TRINITY_DN21570_c1_g1_i5,403,0.147824109163979,0.1145
TRINITY_DN21570_c2_g2_i1,265,0.196671124486024,0.9095
TRINITY_DN21644_c3_g1_i8,592,0.0713062538276905,0.111
TRINITY_DN21664_c1_g1_i1,679,0.115766094121713,0.801
TRINITY_DN21670_c3_g1_i1,58,0.066480242649558,0.64
TRINITY_DN21705_c2_g1_i4,55,0.135981594942047,0.771
TRINITY_DN21773_c4_g2_i1,64,0.137944466095097,0.9375
TRINITY_DN21778_c10_g2_i1,58,0.186275413716408,0.3975
TRINITY_DN21824_c1_g1_i21,448,0.133275359261396,0.65
TRINITY_DN21824_c1_g1_i21,559,0.0822050509491344,0.702
TRINITY_DN21858_c4_g1_i2,570,0.129470185481938,0.855
TRINITY_DN21884_c5_g1_i1,96,0.0772406224615573,0.663
TRINITY_DN21889_c5_g1_i4,118,0.0902287251994872,0.3625
TRINITY_DN21909_c3_g1_i7,675,0.095631407031599,0.086
TRINITY_DN21912_c6_g1_i1,477,0.190361543796852,0.901
TRINITY_DN21913_c3_g1_i2,1051,0.154729519962413,0.9095
TRINITY_DN21948_c7_g1_i2,63,0.135623225961562,0.054
TRINITY_DN21996_c2_g2_i2,155,0.115223445403267,0.0255
TRINITY_DN22012_c23_g1_i1,203,0.183884808097485,0.9475
TRINITY_DN22038_c4_g1_i1,506,0.0714350415088595,0.2415
TRINITY_DN22038_c5_g1_i4,9,0.136154123369044,0.0825
TRINITY_DN22038_c5_g1_i4,51,0.190399244967451,0.049
TRINITY_DN22038_c5_g1_i4,71,0.304228344616611,0.027
TRINITY_DN22059_c6_g1_i1,181,0.0810918642707114,0.167
TRINITY_DN22061_c4_g1_i1,52,0.0652364047315695,0.291
TRINITY_DN22076_c1_g3_i5,129,0.0762525952699313,0.4305
TRINITY_DN22076_c1_g3_i5,249,0.145244048223744,0.932
TRINITY_DN22109_c3_g2_i2,107,0.0583482265716359,0.3345
TRINITY_DN22109_c3_g2_i2,113,0.0953606029625876,0.798
TRINITY_DN22114_c5_g2_i3,74,0.112133321648668,0.029
TRINITY_DN22121_c5_g1_i4,635,0.0590161631719948,0.674
TRINITY_DN22128_c6_g1_i4,430,0.117175318346182,0.854
TRINITY_DN22135_c3_g1_i2,577,0.00484121748768522,0.07
TRINITY_DN22137_c4_g6_i4,533,0.219249955355495,0.8885
TRINITY_DN22138_c3_g1_i4,840,0.0763988238825836,0.557
TRINITY_DN22141_c9_g1_i8,363,0.165551763020633,0
TRINITY_DN22141_c9_g1_i8,390,0.0931160487761748,0.0655
TRINITY_DN22166_c1_g1_i18,221,0.150439129236267,0.033
TRINITY_DN22168_c0_g1_i1,93,0.174055029441018,0.007
TRINITY_DN22176_c2_g1_i2,237,0.11393059782727,0.653
TRINITY_DN22176_c3_g1_i6,150,0.0626599477637153,0.4845
TRINITY_DN22185_c0_g1_i1,58,0.136874358552891,0.0245
TRINITY_DN22206_c3_g2_i1,280,0.214264332080625,0.0555
TRINITY_DN22233_c3_g1_i1,66,0.147897800773602,0.9235
TRINITY_DN22240_c7_g1_i1,28,0.135896126765307,0.0435
TRINITY_DN22245_c12_g1_i3,531,0.102758130745843,0.0649999999999999
TRINITY_DN22252_c1_g1_i6,61,0.156784272529874,0.018
TRINITY_DN22263_c10_g3_i3,90,0.104090996245631,0.8265
TRINITY_DN22263_c10_g3_i3,139,0.174535346379387,0.907
TRINITY_DN22274_c2_g1_i2,988,0.125572078064975,0.223
TRINITY_DN22301_c4_g1_i1,480,0.0599931178737069,0.5375
TRINITY_DN22442_c4_g1_i2,548,0.173010696450709,0.028
TRINITY_DN22442_c4_g1_i2,551,0.182593670726759,0.0265
TRINITY_DN22454_c1_g1_i8,340,0.0460177906557314,0.1545
TRINITY_DN22464_c12_g1_i2,196,0.111276699281091,0.7675
TRINITY_DN22478_c6_g1_i6,583,0.0541188918669949,0.1565
TRINITY_DN22488_c1_g1_i4,650,0.0822183810542305,0.1385
TRINITY_DN22572_c0_g1_i1,378,0.0473778634762836,0.471
TRINITY_DN22611_c8_g1_i1,1255,0.0667025766999966,0.4845
TRINITY_DN22631_c5_g1_i1,265,0.141829062865124,0.034
TRINITY_DN22637_c5_g1_i4,689,0.115870241728981,0.0355
TRINITY_DN22647_c9_g1_i1,95,0.0649119242274071,0.496
TRINITY_DN22649_c9_g4_i1,557,0.202290392654965,0.03
TRINITY_DN22737_c5_g1_i2,145,0.12478985270538,0.113
TRINITY_DN22787_c3_g1_i1,679,0.106464833430328,0.025
TRINITY_DN22798_c8_g1_i3,202,0.106783048352589,0.572
TRINITY_DN22807_c2_g1_i4,234,0.070052086582899,0.5125
TRINITY_DN22874_c7_g1_i4,51,0.18528187914145,0.018
TRINITY_DN22874_c7_g1_i4,67,0.166597818894125,0.023
TRINITY_DN22898_c7_g1_i5,132,0.0659419733574546,0.603
TRINITY_DN22916_c3_g1_i1,11,0.132107307568782,0.04
TRINITY_DN22929_c9_g1_i2,64,0.159134469370685,0.934
TRINITY_DN22945_c4_g1_i2,67,0.0921890735613813,0.0755
TRINITY_DN22958_c3_g1_i4,950,0.130329565153639,0.672
TRINITY_DN22965_c5_g1_i7,64,0.0647348394201517,0.15
TRINITY_DN22972_c8_g1_i7,289,0.0626719417017699,0.3845
TRINITY_DN22982_c4_g3_i2,110,0.129805901822581,0.955
TRINITY_DN22989_c1_g1_i1,110,0.0950021172530752,0.9465
TRINITY_DN23010_c5_g1_i2,606,0.149263896654368,0.783
TRINITY_DN23058_c0_g1_i5,72,0.128277399514812,0.962
TRINITY_DN23078_c4_g1_i2,1043,0.101447726523092,0.8195
TRINITY_DN23108_c3_g1_i1,18,0.064785604524611,0.62
TRINITY_DN23137_c1_g1_i1,112,0.122202311361759,0.0235000000000001
TRINITY_DN23171_c6_g1_i5,195,0.0794154654016103,0.2095
TRINITY_DN23220_c6_g1_i6,17,0.114030589811362,0.6465
TRINITY_DN23227_c5_g1_i3,339,0.157455743386951,0.925
TRINITY_DN23229_c5_g2_i1,144,0.059384893196505,0.385
TRINITY_DN23232_c14_g1_i1,182,0.0999406871032259,0.719
TRINITY_DN23244_c6_g1_i1,630,0.196621003095799,0.033
TRINITY_DN23301_c9_g1_i4,89,0.0860739015589755,0.668
TRINITY_DN23358_c4_g2_i1,239,0.181539144366631,0.9355
TRINITY_DN23360_c2_g1_i1,84,0.0621622556629159,0.0315
TRINITY_DN23426_c12_g1_i1,69,0.103668062446193,0.846
TRINITY_DN23446_c1_g2_i1,261,0.116162307234873,0.0065
TRINITY_DN23542_c9_g2_i1,1214,0.0955419661051695,0.788
TRINITY_DN23549_c2_g2_i1,68,0.214043355444762,0.917
TRINITY_DN23549_c2_g2_i1,79,0.212489935516238,0.9195
TRINITY_DN23557_c3_g1_i1,20,0.129776940811108,0.8755
TRINITY_DN23571_c4_g1_i22,792,0.119378496657158,0.8145
TRINITY_DN23578_c7_g1_i1,162,0.103673654858879,0.831
TRINITY_DN23578_c7_g1_i1,163,0.135502392126956,0.822
TRINITY_DN23579_c2_g1_i1,593,0.0928651421131845,0.0525
TRINITY_DN23586_c3_g2_i7,738,0.116689538522058,0.927
TRINITY_DN23632_c6_g1_i1,443,0.0976125618068069,0.067
TRINITY_DN23701_c7_g1_i8,572,0.0695651234496882,0.5255
TRINITY_DN23744_c4_g2_i1,732,0.101227701769593,0.058
TRINITY_DN23837_c1_g2_i2,95,0.0885640349282111,0.492
TRINITY_DN23857_c3_g1_i9,407,0.176438316488679,0.8795
TRINITY_DN23857_c3_g1_i9,443,0.141542391533242,0.837
TRINITY_DN23877_c3_g1_i7,74,0.131108330701299,0.021
TRINITY_DN23908_c3_g1_i2,435,0.13434961652859,0.7815
TRINITY_DN23919_c6_g1_i1,11,0.170997177321623,0.87
TRINITY_DN23968_c1_g1_i4,324,0.209949829540582,0.815
TRINITY_DN24010_c0_g1_i3,378,0.126798629079677,0.821
TRINITY_DN24018_c4_g1_i2,210,0.160697453562228,0.934
TRINITY_DN24020_c5_g1_i1,197,0.194906338058302,0
TRINITY_DN24152_c2_g2_i3,300,0.0977084900373266,0.7045
TRINITY_DN24169_c4_g1_i1,122,0.190124921688043,0.0035
TRINITY_DN24179_c0_g1_i1,1301,0.150146957327198,0.2285
TRINITY_DN24180_c3_g4_i1,226,0.202554600661339,0.935
TRINITY_DN24180_c3_g4_i1,275,0.166866634476352,0.9035
TRINITY_DN24188_c6_g1_i2,166,0.173381587673212,0.2235
TRINITY_DN24188_c6_g1_i2,179,0.200366656460074,0.1025
TRINITY_DN24188_c6_g1_i2,304,0.107883198527266,0.1595
TRINITY_DN24243_c5_g3_i1,244,0.0717363960688122,0.181
TRINITY_DN24266_c3_g2_i3,83,0.19587245454175,0.829
TRINITY_DN24314_c1_g2_i1,149,0.0744866107023069,0.393
TRINITY_DN24355_c5_g1_i5,186,0.136973306746875,0.0095
TRINITY_DN24367_c7_g1_i2,65,0.0939304907462145,0.9575
TRINITY_DN24372_c3_g2_i1,116,0.099946781738577,0.5045
TRINITY_DN24382_c1_g1_i1,529,0.169611535015986,0.004
TRINITY_DN24392_c2_g1_i2,175,0.0769170009788814,0.4015
TRINITY_DN24393_c1_g2_i12,78,0.0527708628764642,0.62
TRINITY_DN24417_c5_g1_i2,119,0.0939927129500186,0.121
TRINITY_DN24421_c2_g2_i2,555,0.166205375872714,0.9185
TRINITY_DN24450_c5_g3_i1,169,0.1645766924404,0.914
TRINITY_DN24570_c4_g1_i3,126,0.0848510704375348,0.2335
TRINITY_DN24570_c4_g1_i3,167,0.0629914418159411,0.3915
TRINITY_DN24570_c4_g1_i3,215,0.13638928263443,0.005
TRINITY_DN24609_c0_g1_i1,616,0.132571643351066,0.0705
TRINITY_DN24633_c11_g1_i5,210,0.0931592442701442,0.82
TRINITY_DN24664_c0_g1_i1,690,0.0836551240073106,0.2765
TRINITY_DN24697_c7_g1_i1,320,0.123194736966476,0.8435
TRINITY_DN24707_c3_g1_i1,170,0.0798934133805302,0.2625
TRINITY_DN24718_c1_g1_i2,609,0.0606635319184236,0.6095
TRINITY_DN24728_c1_g1_i2,369,0.084951975740416,0.7865
TRINITY_DN24734_c5_g1_i2,43,0.117880799755244,0.0095
TRINITY_DN24734_c5_g1_i2,91,0.0924025641840935,0.1055
TRINITY_DN24781_c3_g1_i2,256,0.140578027704925,0.027
TRINITY_DN24820_c6_g1_i3,326,0.0976607955835594,0.273
TRINITY_DN24820_c6_g1_i3,327,0.0822941898095047,0.3565
TRINITY_DN24821_c4_g1_i3,237,0.123069897990573,0.948
TRINITY_DN24846_c9_g1_i1,36,0.164512121215069,0.043
TRINITY_DN24882_c11_g1_i3,48,0.119852258394681,0.8745
TRINITY_DN24952_c9_g1_i1,282,0.0644996448294983,0.6645
TRINITY_DN25019_c8_g1_i2,89,0.0778462949620108,0.2435
TRINITY_DN25034_c4_g1_i2,142,0.128910727689823,0.0165
TRINITY_DN25036_c8_g1_i1,364,0.0691149712811185,0.2245
TRINITY_DN25045_c1_g1_i4,1578,0.132114925140801,0.023
TRINITY_DN25053_c1_g1_i4,31,0.0704611958415603,0.5465
TRINITY_DN25054_c4_g2_i1,433,0.0797378119519541,0.285
TRINITY_DN25055_c4_g1_i1,147,0.145020660793573,0.007
TRINITY_DN25059_c11_g2_i2,696,0.0747222288848839,0.0075
TRINITY_DN25110_c2_g1_i2,270,0.182857194471222,0.8805
TRINITY_DN25133_c6_g1_i1,50,0.11076387187122,0.0335
TRINITY_DN25143_c9_g1_i2,422,0.0900477507851222,0.732
TRINITY_DN25166_c3_g2_i1,136,0.0642718732705088,0.1505
TRINITY_DN25197_c2_g1_i6,131,0.127359163620894,0.837
TRINITY_DN25215_c0_g1_i3,1376,0.216629415751285,0.9025
TRINITY_DN25219_c1_g2_i2,112,0.0893595293164726,0.6765
TRINITY_DN25230_c1_g1_i1,340,0.0518643969904639,0.478
TRINITY_DN25243_c0_g1_i2,80,0.131961008587816,0.8435
TRINITY_DN25260_c7_g1_i1,192,0.0707532843265925,0.375
TRINITY_DN25267_c2_g4_i1,1105,0.228403105746499,0.01
TRINITY_DN25314_c3_g1_i3,10,0.168647291135545,0
TRINITY_DN25350_c2_g1_i3,144,0.0802741802199798,0.5
TRINITY_DN25445_c2_g2_i1,49,0.0863414008725944,0.7895
TRINITY_DN25454_c6_g3_i1,26,0.105032449722269,0.471
TRINITY_DN25480_c9_g2_i7,154,0.118023709956526,0.0215
TRINITY_DN25505_c0_g1_i1,982,0.128388748760838,0.8265
TRINITY_DN25527_c1_g1_i1,352,0.141366577323761,0.9505
TRINITY_DN25527_c2_g1_i1,895,0.112889589654036,0.8165
TRINITY_DN25543_c7_g3_i3,307,0.138156965912536,0.75
TRINITY_DN25558_c1_g1_i2,312,0.101753895973537,0.222
TRINITY_DN25563_c3_g1_i1,36,0.088372862971905,0.782
TRINITY_DN25620_c4_g1_i6,94,0.126319741555195,0.638
TRINITY_DN25669_c3_g1_i2,1260,0.144193621524952,0.8755
TRINITY_DN25676_c4_g1_i1,316,0.116781844624345,0.3775
TRINITY_DN25696_c6_g1_i5,263,0.055021611438342,0.4685
TRINITY_DN25700_c6_g2_i3,307,0.0721853353875754,0.715
TRINITY_DN25735_c4_g1_i3,42,0.104091769406367,0.8295
TRINITY_DN25750_c0_g2_i1,197,0.120455244279242,0.0315
TRINITY_DN25781_c0_g1_i2,471,0.0638175433233493,0.4565
TRINITY_DN25826_c6_g1_i4,572,0.0745189261344527,0.8575
TRINITY_DN25837_c3_g1_i1,543,0.0744898842487607,0.2005
TRINITY_DN25839_c6_g2_i1,1566,0.133453525097032,0.916
TRINITY_DN25860_c1_g2_i2,67,0.159502997427443,0.01
TRINITY_DN25900_c8_g1_i2,380,0.142259604547706,0.021
TRINITY_DN25900_c8_g1_i2,418,0.136230352009236,0.8505
TRINITY_DN25925_c3_g1_i6,54,0.167930206814154,0.0565
TRINITY_DN25925_c3_g1_i6,64,0.146047733946598,0.9145
TRINITY_DN25925_c3_g1_i6,72,0.158591060033541,0.9275
TRINITY_DN25950_c2_g1_i2,621,0.164226476443246,0.933
TRINITY_DN25969_c4_g1_i5,1145,0.146294267734679,0.038
TRINITY_DN25977_c11_g1_i3,331,0.205265670999697,0.0155
TRINITY_DN25977_c11_g1_i3,519,0.170967203981836,0.834
TRINITY_DN25979_c5_g2_i1,179,0.123844119717892,0.9535
TRINITY_DN26029_c4_g1_i1,181,0.0762612399395278,0.5235
TRINITY_DN26051_c4_g2_i2,643,0.123191930113363,0.814
TRINITY_DN26058_c5_g1_i1,279,0.173868012202,0.938
TRINITY_DN26063_c2_g1_i1,493,0.185327012796261,0.017
TRINITY_DN26082_c6_g5_i2,496,0.15923009543167,0.925
TRINITY_DN26085_c10_g1_i3,310,0.106774813621842,0.008
TRINITY_DN26144_c5_g1_i4,864,0.127273088619388,0.0285
TRINITY_DN26147_c8_g1_i1,21,0.115555460581494,0.9455
TRINITY_DN26150_c4_g2_i2,155,0.096221124558089,0.7455
TRINITY_DN26150_c5_g1_i7,101,0.193144774495179,0.0855
TRINITY_DN26188_c7_g1_i2,79,0.0940448390699565,0.743
TRINITY_DN26188_c7_g1_i2,111,0.211682981938898,0.8705
TRINITY_DN26209_c2_g1_i2,624,0.0686535579686471,0.582
TRINITY_DN26210_c1_g1_i3,422,0.103565522578595,0.707
TRINITY_DN26219_c3_g4_i1,159,0.129332742161457,0.0265
TRINITY_DN26237_c10_g4_i1,359,0.0743851451403671,0.123
TRINITY_DN26279_c1_g1_i1,277,0.0757425092672621,0.7885
TRINITY_DN26287_c3_g1_i2,86,0.0962200109226731,0.612
TRINITY_DN26287_c3_g1_i2,95,0.0842872079762476,0.292
TRINITY_DN26287_c3_g1_i2,104,0.0850024369604687,0.599
TRINITY_DN26295_c3_g1_i1,76,0.181201614087991,0.931
TRINITY_DN26295_c6_g1_i1,43,0.137543369415999,0.944
TRINITY_DN26313_c6_g1_i1,162,0.185902300143058,0.92
TRINITY_DN26322_c1_g1_i1,738,0.15017584035482,0.933
TRINITY_DN26379_c8_g1_i1,915,0.136996579299876,0.842
TRINITY_DN26386_c6_g1_i1,93,0.125242835496286,0.956
TRINITY_DN26433_c4_g1_i2,170,0.186704659412616,0.9155
TRINITY_DN26440_c4_g1_i8,318,0.196041327724244,0.0185
TRINITY_DN26440_c4_g1_i8,323,0.150985108224794,0.019
TRINITY_DN26470_c8_g1_i2,354,0.108015723191209,0.832
TRINITY_DN26474_c2_g1_i1,465,0.082985746237987,0.588
TRINITY_DN26488_c0_g1_i14,220,0.153488915801488,0.0065
TRINITY_DN26493_c11_g1_i1,154,0.102495205494788,0.929
TRINITY_DN26494_c9_g4_i3,95,0.133576230905239,0.8685
TRINITY_DN26528_c4_g1_i6,341,0.101908148748316,0.811
TRINITY_DN26548_c5_g5_i3,150,0.104421389863709,0.8145
TRINITY_DN26604_c5_g1_i4,80,0.17466431812324,0.845
TRINITY_DN26607_c3_g1_i3,1810,0.147210734443553,0.0305
TRINITY_DN26629_c1_g2_i3,259,0.0659251324953857,0.4395
TRINITY_DN26629_c1_g2_i3,345,0.0812274282460294,0.748
TRINITY_DN26634_c3_g2_i4,84,0.114856591679866,0.1525
TRINITY_DN26680_c5_g2_i11,260,0.117831525412093,0.085
TRINITY_DN26701_c0_g1_i1,322,0.067419024322133,0.653
TRINITY_DN26785_c7_g1_i8,51,0.079357307717761,0.8545
TRINITY_DN26794_c5_g2_i3,175,0.209281457541884,0.036
TRINITY_DN26818_c9_g1_i2,739,0.0634203737356984,0.6905
TRINITY_DN26838_c2_g2_i2,215,0.207072998627877,0.8325
TRINITY_DN26847_c5_g3_i1,1100,0.12935648637948,0.804
TRINITY_DN26848_c5_g2_i1,10,0.0724747656109277,0.612
TRINITY_DN26904_c4_g1_i5,26,0.0709051179545519,0.159
TRINITY_DN26939_c0_g4_i4,818,0.0912532736515738,0.744
TRINITY_DN26939_c0_g4_i4,824,0.0901980590792619,0.7325
TRINITY_DN26939_c0_g4_i4,842,0.0974874858796047,0.5975
TRINITY_DN26994_c3_g1_i10,205,0.143157556398862,0.907
TRINITY_DN27006_c5_g1_i5,550,0.100876023048392,0.74
TRINITY_DN27020_c3_g1_i3,415,0.0951938124750611,0.8265
TRINITY_DN27028_c7_g1_i1,140,0.151013427273454,0.9595
TRINITY_DN27053_c1_g1_i3,139,0.117092787976261,0.0285
TRINITY_DN27096_c4_g1_i2,95,0.238650226960407,0.4445
TRINITY_DN27119_c1_g1_i1,36,0.0737351600328402,0.7015
TRINITY_DN27183_c0_g1_i3,359,0.133603628741461,0.82
TRINITY_DN27209_c1_g1_i4,62,0.182552750445027,0.9445
TRINITY_DN27209_c1_g1_i4,64,0.209735366784854,0.9165
TRINITY_DN27225_c0_g1_i4,492,0.116374378500134,0.035
TRINITY_DN27259_c1_g2_i11,58,0.079313731804088,0.1635
TRINITY_DN27276_c3_g1_i13,53,0.131683447873209,0.4405
TRINITY_DN27276_c3_g1_i13,613,0.0938274149896901,0.29
TRINITY_DN27276_c3_g1_i13,635,0.144919389519647,0.043
TRINITY_DN27276_c3_g1_i9,341,0.0757698670548906,0.433
TRINITY_DN27276_c3_g1_i9,354,0.112431227448405,0.457
TRINITY_DN27276_c3_g1_i9,370,0.0902191654103478,0.3155
TRINITY_DN27288_c3_g1_i4,308,0.0615356971848605,0.615
TRINITY_DN27298_c1_g1_i1,56,0.118799415701574,0.0175
TRINITY_DN27324_c3_g2_i1,58,0.0234393182739776,0.2415
TRINITY_DN27343_c3_g1_i3,224,0.140251521787848,0.945
TRINITY_DN27351_c5_g1_i1,738,0.153960406055632,0.919
TRINITY_DN27366_c1_g1_i16,310,0.12261817679015,0.039
TRINITY_DN27382_c2_g1_i20,230,0.0718082745907684,0.4825
TRINITY_DN27382_c2_g1_i20,238,0.129500679175736,0.5725
TRINITY_DN27447_c0_g1_i3,971,0.0800913469108974,0.714
TRINITY_DN27452_c2_g2_i2,306,0.105880753726131,0.761
TRINITY_DN27494_c4_g4_i1,260,0.179647457462865,0.924
TRINITY_DN27521_c5_g2_i1,1179,0.134503681565897,0.283
TRINITY_DN27521_c5_g2_i1,1193,0.181846590471741,0.037
TRINITY_DN27521_c5_g2_i1,1195,0.10505227430077,0.532
TRINITY_DN27521_c5_g2_i1,1209,0.144811195711818,0.0085
TRINITY_DN27566_c1_g2_i2,71,0.0953552776830469,0.0245
TRINITY_DN27580_c5_g1_i1,370,0.120772196856035,0.0055
TRINITY_DN27589_c2_g1_i3,1527,0.229969925799647,0
TRINITY_DN27657_c3_g1_i7,1464,0.09161727587699,0.113
TRINITY_DN27669_c4_g1_i2,617,0.165918656081791,0.027
TRINITY_DN27698_c5_g1_i1,102,0.177657910824836,0.8975
TRINITY_DN27707_c7_g1_i2,24,0.122272968382369,0.8745
TRINITY_DN27709_c6_g1_i8,247,0.0672031242164282,0.412
TRINITY_DN27717_c0_g1_i4,915,0.126407548089386,0.006
TRINITY_DN27727_c6_g2_i1,553,0.0806333194464897,0.794
TRINITY_DN27750_c5_g2_i1,124,0.141334163349617,0.0295
TRINITY_DN27750_c5_g2_i1,436,0.204082458716558,0.0195
TRINITY_DN27750_c5_g2_i1,452,0.0790979093792491,0.0765
TRINITY_DN27750_c5_g2_i1,487,0.10677271797476,0.076
TRINITY_DN27811_c2_g1_i3,517,0.186727344665935,0.891
TRINITY_DN27819_c7_g1_i1,59,0.122607647339664,0.851
TRINITY_DN27819_c7_g1_i1,61,0.143312418348425,0.8345
TRINITY_DN27845_c10_g1_i5,118,0.081076428611333,0.644
TRINITY_DN27872_c7_g1_i4,755,0.217150923062739,0.0245
TRINITY_DN27969_c3_g1_i3,15,0.055618681655421,0.3725
TRINITY_DN28030_c2_g1_i4,1542,0.0794943188523101,0.262
TRINITY_DN28030_c2_g1_i4,1548,0.119241842075916,0.2645
TRINITY_DN28032_c0_g1_i1,30,0.16640196654528,0.953
TRINITY_DN28060_c5_g2_i1,900,0.0721053517125531,0.324
TRINITY_DN28078_c6_g1_i7,812,0.0600097196832216,0.666
TRINITY_DN28107_c7_g1_i1,1384,0.179694285939706,0.9365
TRINITY_DN28116_c5_g1_i6,210,0.145566308313851,0.884
TRINITY_DN28131_c6_g2_i1,158,0.141049939450481,0.012
TRINITY_DN28154_c6_g1_i1,389,0.0725882211381179,0.511
TRINITY_DN28163_c6_g2_i5,254,0.114582430931561,0.8175
TRINITY_DN28272_c4_g1_i1,51,0.164473581137359,0
TRINITY_DN28347_c9_g3_i1,212,0.11409084904055,0.242
TRINITY_DN28388_c6_g1_i3,164,0.10484206970695,0.0395
TRINITY_DN28403_c3_g1_i3,255,0.0941492948503939,0.714
TRINITY_DN28422_c2_g1_i2,975,0.0961984239480025,0.7625
TRINITY_DN28452_c3_g1_i3,758,0.173977787996214,0.938
TRINITY_DN28455_c3_g2_i3,644,0.179872036323193,0.85
TRINITY_DN28459_c6_g1_i2,95,0.0757332406330744,0.414
TRINITY_DN28467_c7_g1_i1,201,0.101429346729487,0.0669999999999999
TRINITY_DN28524_c4_g3_i1,32,0.0890661749004454,0.6585
TRINITY_DN28524_c4_g3_i1,76,0.139995661715442,0.546
TRINITY_DN28541_c4_g1_i2,40,0.0999495759662876,0.366
TRINITY_DN28561_c4_g1_i1,56,0.0664465299286362,0.335
TRINITY_DN28561_c5_g1_i3,830,0.110822179830624,0.2915
TRINITY_DN28574_c1_g3_i1,37,0.128075419001732,0.9165
TRINITY_DN28583_c7_g1_i3,673,0.0652270655002056,0.1685
TRINITY_DN28593_c0_g3_i6,247,0.0713582531903783,0.1965
TRINITY_DN28593_c0_g3_i6,532,0.0982103440179115,0.569
TRINITY_DN28595_c4_g1_i6,68,0.0896672902416634,0.6735
TRINITY_DN28612_c0_g2_i1,397,0.0561740496104652,0.3515
TRINITY_DN28631_c7_g1_i22,198,0.137556359959917,0.3425
TRINITY_DN28636_c0_g2_i1,695,0.137756269297256,0.897
TRINITY_DN28671_c4_g1_i7,257,0.170017557241417,0.015
TRINITY_DN28680_c0_g1_i1,66,0.122168599465337,0.0085
TRINITY_DN28682_c2_g1_i4,19,0.128282382849708,0.0145
TRINITY_DN28682_c2_g1_i4,52,0.0879144781266958,0.039
TRINITY_DN28714_c3_g2_i2,185,0.0532794365190791,0.2265
TRINITY_DN28766_c8_g3_i1,96,0.0941540445228916,0.5085
TRINITY_DN28770_c4_g1_i6,114,0.0705197676519012,0.0865
TRINITY_DN28770_c4_g1_i6,123,0.167528695651719,0.922
TRINITY_DN28797_c5_g1_i3,467,0.0654624963023598,0.3975
TRINITY_DN28867_c2_g2_i1,24,0.069982376623988,0.457
TRINITY_DN28889_c2_g1_i4,1230,0.109163658864496,0.9335
TRINITY_DN28891_c0_g1_i1,51,0.0843733764212569,0.3415
TRINITY_DN28896_c0_g1_i1,148,0.132106216052207,0.897
TRINITY_DN28913_c4_g1_i1,786,0.131585629747988,0.8805
TRINITY_DN28941_c2_g3_i1,718,0.168692841200792,0.9155
TRINITY_DN28961_c9_g1_i1,119,0.115174468020765,0.041
TRINITY_DN28969_c0_g1_i5,230,0.0787587899061409,0.3345
TRINITY_DN29023_c11_g1_i2,821,0.22964071187436,0.8655
TRINITY_DN29076_c4_g1_i3,364,0.18054590466466,0.896
TRINITY_DN29084_c5_g1_i1,66,0.169066933221441,0.016
TRINITY_DN29097_c7_g1_i2,47,0.128882507164523,0.9465
TRINITY_DN29112_c4_g1_i10,806,0.0887037937212869,0.1375
TRINITY_DN29115_c9_g1_i1,15,0.122928305068069,0.754
TRINITY_DN29115_c9_g1_i1,33,0.115411976071629,0.791
TRINITY_DN29115_c9_g1_i1,60,0.105097219885129,0.7675
TRINITY_DN29115_c9_g1_i1,69,0.106533998189806,0.7735
TRINITY_DN29151_c6_g1_i2,110,0.110293157684182,0.515
TRINITY_DN29217_c1_g1_i1,416,0.142730029767091,0
TRINITY_DN29217_c1_g1_i1,420,0.161326952716385,0.9405
TRINITY_DN29218_c2_g1_i1,357,0.123136699483168,0.851
TRINITY_DN29231_c0_g1_i2,77,0.0968146069699641,0.7865
TRINITY_DN29242_c4_g1_i5,1901,0.0639248639277038,0.275
TRINITY_DN29287_c1_g1_i2,45,0.0891879500221136,0.684
TRINITY_DN29291_c5_g1_i14,462,0.127982789002285,0.003
TRINITY_DN29312_c3_g3_i2,533,0.0876148124122863,0.7755
TRINITY_DN29312_c3_g4_i4,102,0.216664578989256,0.8915
TRINITY_DN29312_c3_g4_i4,113,0.178705898262755,0.8985
TRINITY_DN29312_c3_g4_i4,115,0.107750859226394,0.1585
TRINITY_DN29393_c7_g1_i1,707,0.0592659050180119,0.298
TRINITY_DN29393_c7_g1_i1,715,0.0825591694310834,0.2895
TRINITY_DN29394_c0_g1_i1,573,0.140254174341039,0.842
TRINITY_DN29416_c2_g3_i8,256,0.0860948241808378,0.378
TRINITY_DN29554_c5_g2_i2,780,0.0735892362087607,0.239
TRINITY_DN29616_c5_g1_i1,136,0.0799708783894607,0.195
TRINITY_DN29646_c7_g1_i1,14,0.107030086378638,0.071
TRINITY_DN29688_c17_g1_i1,323,0.0876570734361266,0.098
TRINITY_DN29768_c0_g1_i2,132,0.195507850256805,0.9085
TRINITY_DN29795_c2_g1_i2,706,0.146561746166767,0.7095
TRINITY_DN29811_c6_g2_i1,400,0.120144422610741,0.01
TRINITY_DN29830_c2_g1_i6,473,0.102310299612859,0.1685
TRINITY_DN29830_c2_g1_i6,488,0.100731263776419,0.3725
TRINITY_DN29852_c9_g1_i2,93,0.300361867214102,0.1245
TRINITY_DN29853_c0_g3_i5,268,0.0835077821081316,0.1325
TRINITY_DN29869_c0_g3_i1,106,0.124510847326307,0.905
TRINITY_DN29880_c0_g1_i2,1231,0.0651855186815515,0.4535
TRINITY_DN29926_c8_g1_i2,60,0.165051736925725,0.892
TRINITY_DN29926_c9_g1_i2,484,0.140412978619326,0.0405
TRINITY_DN29994_c2_g2_i1,68,0.0750345989934658,0.413
TRINITY_DN30057_c3_g3_i14,1237,0.148537938912124,0.0255
TRINITY_DN30107_c5_g1_i9,217,0.180504089156853,0.8395
TRINITY_DN30139_c1_g6_i4,185,0.202274794478365,0.021
TRINITY_DN30165_c3_g2_i2,114,0.178861136100295,0.9315
TRINITY_DN30171_c7_g1_i9,171,0.0847308298233607,0.17
TRINITY_DN30171_c7_g1_i9,185,0.0373190912329502,0.021
TRINITY_DN30221_c9_g2_i2,708,0.184090510624759,0.9045
TRINITY_DN30242_c1_g1_i1,338,0.178679680092087,0
TRINITY_DN30376_c3_g2_i1,47,0.115386822343408,0.9615
TRINITY_DN30400_c1_g2_i1,294,0.0560571129532628,0.456
TRINITY_DN30405_c8_g1_i4,1290,0.168136239001894,0.01
TRINITY_DN30526_c4_g1_i1,251,0.0860955434331416,0.4055
TRINITY_DN30534_c2_g1_i1,238,0.16372383946259,0.0075
TRINITY_DN30547_c3_g1_i1,625,0.0849309148383618,0.5435
TRINITY_DN30547_c6_g2_i1,444,0.110688948194235,0.657
TRINITY_DN30556_c7_g2_i1,313,0.151311106567139,0.899
TRINITY_DN30569_c7_g2_i3,171,0.0810271491448071,0.6145
TRINITY_DN30589_c12_g2_i3,228,0.155768673489625,0.009
TRINITY_DN30613_c4_g2_i8,687,0.18329344851316,0.0195
TRINITY_DN30613_c4_g2_i8,690,0.177365336545288,0.0215
TRINITY_DN30646_c9_g2_i1,56,0.181634967214716,0.749
TRINITY_DN30675_c3_g1_i1,81,0.26119898306964,0.063
TRINITY_DN30684_c2_g2_i6,152,0.0879836224928315,0.6775
TRINITY_DN30727_c0_g1_i4,594,0.142745012452568,0.9425
TRINITY_DN30785_c5_g3_i1,130,0.107453569983821,0.0345
TRINITY_DN30785_c5_g3_i1,149,0.0847640399556475,0.577
TRINITY_DN30844_c5_g2_i2,639,0.164002470874466,0.909
TRINITY_DN30854_c2_g1_i3,108,0.149718180635127,0.004
TRINITY_DN30854_c2_g1_i3,399,0.0947911849586587,0.253
TRINITY_DN30854_c2_g1_i9,345,0.091778151940641,0.62
TRINITY_DN30855_c5_g1_i4,97,0.0846945872746364,0.6515
TRINITY_DN30874_c8_g1_i14,72,0.110756430767187,0.5105
TRINITY_DN30917_c5_g2_i2,516,0.108877303580609,0.528
TRINITY_DN30931_c0_g1_i1,1115,0.100606001143189,0.7255
TRINITY_DN30933_c1_g2_i4,129,0.128122559790511,0.915
TRINITY_DN30948_c0_g1_i1,238,0.1304397530875,0.035
TRINITY_DN30973_c1_g1_i1,857,0.131731120891235,0.0085
TRINITY_DN30973_c1_g1_i1,866,0.0890611468779766,0.6705
TRINITY_DN30983_c4_g1_i1,439,0.146210170668631,0.9455
TRINITY_DN31032_c1_g1_i1,79,0.0649472227493772,0.288
TRINITY_DN31061_c5_g1_i1,454,0.0540521270583952,0.1335
TRINITY_DN31094_c5_g2_i1,94,0.022315304890738,0.46
TRINITY_DN31119_c5_g1_i2,579,0.165387207155085,0.0175
TRINITY_DN31171_c0_g1_i2,301,0.103142300415888,0.0205
TRINITY_DN31188_c8_g1_i1,484,0.173368649679579,0.0085
TRINITY_DN31209_c1_g1_i4,16,0.0909648746084295,0.449
TRINITY_DN31209_c1_g2_i4,582,0.0628005688300802,0.5075
TRINITY_DN31228_c1_g1_i13,723,0.064789751709064,0.402
TRINITY_DN31228_c1_g1_i13,810,0.0743829270271936,0.546
TRINITY_DN31302_c3_g1_i10,471,0.155392689202715,0.857
TRINITY_DN31302_c3_g1_i10,501,0.0889038304841448,0.138
TRINITY_DN31303_c1_g1_i21,293,0.0858781184334548,0.146
TRINITY_DN31303_c1_g1_i9,168,0.133484914178579,0.02
TRINITY_DN31309_c3_g1_i3,89,0.0781122976491593,0.1355
TRINITY_DN31309_c3_g1_i3,104,0.0789367171316853,0.127
TRINITY_DN31344_c12_g1_i2,153,0.135702144289197,0.0145
TRINITY_DN31371_c4_g1_i4,281,0.0879021888539706,0.846
TRINITY_DN31371_c4_g1_i4,330,0.0762971424990523,0.671
TRINITY_DN31376_c9_g1_i3,387,0.0546107429463845,0.2405
TRINITY_DN31377_c2_g7_i1,41,0.164848255599822,0.9145
TRINITY_DN31386_c3_g1_i3,1813,0.150572383096222,0.865
TRINITY_DN31424_c5_g1_i1,196,0.0844700623470158,0.5435
TRINITY_DN31429_c5_g2_i4,201,0.161652196231269,0.921
TRINITY_DN31430_c2_g1_i1,1038,0.116766139694128,0.922
TRINITY_DN31430_c2_g1_i1,1044,0.117338214988974,0.9235
TRINITY_DN31459_c0_g1_i9,404,0.130273137009958,0.7635
TRINITY_DN31481_c1_g1_i8,17,0.0923954385925754,0.137
TRINITY_DN31518_c5_g1_i1,96,0.0569408157940173,0.266
TRINITY_DN31530_c4_g1_i1,892,0.14293106745204,0.9235
TRINITY_DN31556_c2_g1_i2,27,0.167276482342322,0
TRINITY_DN31568_c2_g1_i1,798,0.0581548837164513,0.373
TRINITY_DN31568_c2_g1_i1,800,0.142419957405898,0.0065
TRINITY_DN31584_c5_g3_i3,127,0.155031920820553,0.7715
TRINITY_DN31584_c5_g3_i3,128,0.140591691460541,0.7755
TRINITY_DN31588_c4_g1_i1,44,0.156653279288985,0.037
TRINITY_DN31588_c4_g1_i1,71,0.0753418349287259,0.0935
TRINITY_DN31600_c8_g1_i5,207,0.0702279217421172,0.7195
TRINITY_DN31607_c3_g1_i3,76,0.130044553379936,0.014
TRINITY_DN31662_c2_g1_i1,708,0.0953862768516504,0.507
TRINITY_DN31662_c2_g1_i1,717,0.12024000773125,0.4965
TRINITY_DN31735_c0_g1_i5,155,0.0755267791976046,0.1445
TRINITY_DN31749_c0_g1_i5,93,0.157018502178261,0.907
TRINITY_DN31832_c10_g2_i5,368,0.187097629309147,0.9255
TRINITY_DN31869_c4_g1_i1,126,0.0738178885719671,0.1315
TRINITY_DN31882_c0_g1_i2,1869,0.0946156901888091,0.282
TRINITY_DN31882_c0_g1_i2,1870,0.11662672538007,0.361
TRINITY_DN31933_c5_g1_i1,378,0.154691741790484,0.9375
TRINITY_DN31978_c7_g1_i1,54,0.0615770827629745,0.318
TRINITY_DN31985_c2_g2_i2,103,0.0808820902978262,0.6455
TRINITY_DN32017_c8_g2_i1,507,0.180805611904444,0.9295
TRINITY_DN32031_c0_g1_i7,27,0.103371288542547,0.6205
TRINITY_DN32035_c1_g2_i2,528,0.0720282148368565,0.4805
TRINITY_DN32049_c6_g1_i2,292,0.0745119145638415,0.2935
TRINITY_DN32060_c0_g1_i4,170,0.0649461076493828,0.1835
TRINITY_DN32071_c0_g1_i4,439,0.055025665579142,0.351
TRINITY_DN32071_c0_g1_i4,443,0.0586479438822629,0.3585
TRINITY_DN32117_c1_g1_i5,738,0.0917203365507766,0.063
TRINITY_DN32142_c7_g1_i1,54,0.053945461796203,0
TRINITY_DN32184_c4_g1_i1,852,0.0851614261936104,0.4775
TRINITY_DN32208_c0_g1_i1,1030,0.0853381956078219,0.28
TRINITY_DN32208_c0_g1_i1,1036,0.075304349790852,0.25
TRINITY_DN32208_c0_g1_i1,1039,0.0763630754122984,0.2135
TRINITY_DN32208_c0_g1_i2,212,0.177796532739145,0.9045
TRINITY_DN32209_c10_g3_i2,212,0.177589165826966,0.031
TRINITY_DN32238_c2_g1_i2,135,0.027284473600908,0.4185
TRINITY_DN32335_c9_g2_i4,37,0.120588051111618,0.004
TRINITY_DN32354_c7_g1_i2,858,0.125535939145243,0.056
TRINITY_DN32358_c9_g2_i1,117,0.0865565876627137,0.283
TRINITY_DN32399_c0_g1_i3,665,0.1248482529981,0.9425
TRINITY_DN32469_c7_g1_i1,252,0.127197667922203,0.885
TRINITY_DN32470_c0_g2_i6,520,0.190186104630323,0.9425
TRINITY_DN32472_c1_g1_i5,271,0.0897526755907944,0.7185
TRINITY_DN32500_c4_g1_i1,324,0.118716035680924,0.812
TRINITY_DN32553_c0_g1_i9,341,0.103271079336841,0.725
TRINITY_DN32588_c5_g1_i5,1022,0.148408031710185,0.0265
TRINITY_DN32612_c1_g1_i1,243,0.149287102435743,0.0105
TRINITY_DN32629_c3_g2_i2,95,0.206467844137522,0.0385
TRINITY_DN32629_c3_g2_i2,110,0.0994946673836446,0.102
TRINITY_DN32654_c6_g2_i2,96,0.162587867124232,0.8765
TRINITY_DN32662_c2_g1_i1,181,0.094135681457978,0.2565
TRINITY_DN32667_c1_g1_i1,143,0.140197939358025,0.02
TRINITY_DN32672_c3_g1_i3,266,0.196000728796863,0.8345
TRINITY_DN32676_c2_g1_i4,530,0.148180911010087,0.9365
TRINITY_DN32706_c11_g1_i1,72,0.0986585667697057,0.703
TRINITY_DN32740_c1_g1_i6,296,0.122918214359371,0.053
TRINITY_DN32751_c6_g2_i3,975,0.159114067265965,0.9515
TRINITY_DN32804_c4_g1_i1,297,0.176056077928799,0.066
TRINITY_DN32814_c1_g1_i1,770,0.0634224737108875,0.3635
TRINITY_DN32860_c4_g2_i2,65,0.0627154127196456,0.1885
TRINITY_DN32861_c2_g3_i9,148,0.0805049563890122,0.1585
TRINITY_DN32862_c2_g1_i14,275,0.0877528900067486,0.116
TRINITY_DN32862_c2_g1_i14,318,0.150522493657874,0.018
TRINITY_DN32862_c2_g1_i14,326,0.126993052239524,0.0375
TRINITY_DN32862_c2_g1_i14,334,0.153455902884555,0.0345
TRINITY_DN32863_c4_g1_i6,1420,0.128518469653489,0.94
TRINITY_DN32893_c1_g1_i11,103,0.155503646279125,0.7265
TRINITY_DN32893_c1_g1_i12,78,0.067338819619072,0.165
TRINITY_DN32893_c1_g1_i12,356,0.0784972250411077,0.135
TRINITY_DN32893_c1_g1_i26,150,0.0745493555707826,0.55
TRINITY_DN32893_c1_g1_i26,470,0.091835512545964,0.1335
TRINITY_DN32909_c4_g1_i17,98,0.0885739961858913,0.5265
TRINITY_DN32909_c4_g1_i17,144,0.0713177686018993,0.3265
TRINITY_DN32909_c4_g1_i17,162,0.08713915392015,0.6445
TRINITY_DN32909_c4_g1_i17,166,0.0816395155956438,0.612
TRINITY_DN32981_c1_g2_i1,509,0.198168586364278,0.8385
TRINITY_DN33013_c4_g2_i1,25,0.115096688754433,0.0745
TRINITY_DN33013_c4_g2_i1,28,0.100951319508254,0.0705
TRINITY_DN33013_c9_g1_i3,52,0.134347123279467,0.943
TRINITY_DN33021_c4_g3_i1,39,0.111401514826833,0.054
TRINITY_DN33032_c8_g1_i3,42,0.168358647125145,0.9225
TRINITY_DN33048_c0_g3_i1,677,0.118362348624918,0.836
TRINITY_DN33053_c4_g1_i1,657,0.138898274009349,0.928
TRINITY_DN33114_c7_g1_i1,13,0.111400851016485,0.0035
TRINITY_DN33122_c13_g1_i2,1145,0.205869642541499,0.0055
TRINITY_DN33129_c1_g1_i2,205,0.134889828307848,0.787
TRINITY_DN33129_c3_g2_i14,16,0.264936584972958,0.0165
TRINITY_DN33142_c4_g1_i2,116,0.135403377066741,0.1535
TRINITY_DN33178_c1_g1_i2,289,0.15172759386099,0.006
TRINITY_DN33182_c4_g1_i7,120,0.0691022121122411,0.385
TRINITY_DN33184_c1_g3_i3,344,0.189485852147868,0.019
TRINITY_DN33184_c1_g3_i3,350,0.212225800813023,0.009
TRINITY_DN33184_c1_g3_i3,354,0.130937139616146,0.9545
TRINITY_DN33204_c0_g1_i4,1336,0.0842540064703061,0.4555
TRINITY_DN33288_c8_g1_i2,108,0.108276704550362,0.015
TRINITY_DN33293_c8_g1_i2,76,0.0554305865592988,0.1925
TRINITY_DN33334_c4_g1_i1,263,0.0751293152437076,0.211
TRINITY_DN33389_c9_g1_i1,57,0.139246284956517,0.9575
TRINITY_DN33397_c0_g1_i1,84,0.149822147106505,0.9015
TRINITY_DN33409_c7_g2_i1,269,0.119829447749589,0.783
TRINITY_DN33409_c7_g2_i1,277,0.0976608680127811,0.65
TRINITY_DN33409_c7_g2_i1,282,0.220330952301865,0.756
TRINITY_DN33409_c7_g2_i1,285,0.205789356228004,0.7845
TRINITY_DN33409_c7_g2_i1,303,0.154642201310767,0.741
TRINITY_DN33411_c1_g2_i1,291,0.221654978261336,0
TRINITY_DN33439_c4_g1_i2,119,0.162646610837104,0.943
TRINITY_DN33451_c1_g1_i2,222,0.104391063453515,0.8515
TRINITY_DN33460_c8_g1_i3,297,0.134797660882467,0.0115
TRINITY_DN33460_c8_g1_i4,173,0.0583333947953965,0.3975
TRINITY_DN33462_c3_g3_i1,244,0.0831499842200338,0.1555
TRINITY_DN33491_c2_g4_i5,108,0.140788171941204,0.0085
TRINITY_DN33511_c5_g1_i11,469,0.0865718996507082,0.0435
TRINITY_DN33542_c2_g1_i1,460,0.117058769969095,0.83
TRINITY_DN33554_c6_g1_i1,115,0.0941072263937181,0.6825
TRINITY_DN33554_c6_g1_i1,216,0.11274350816873,0.707
TRINITY_DN33570_c7_g1_i2,505,0.0902486254272316,0.702
TRINITY_DN33586_c1_g1_i8,104,0.145887528301828,0.9515
TRINITY_DN33591_c6_g1_i2,749,0.131347060741247,0.886
TRINITY_DN33593_c1_g1_i6,210,0.156592160880078,0.7755
TRINITY_DN33599_c3_g1_i4,897,0.171183220723937,0.0795
TRINITY_DN33601_c2_g1_i2,794,0.116989271027217,0.565
TRINITY_DN33614_c2_g1_i4,36,0.130062385944206,0.0195
TRINITY_DN33614_c2_g1_i6,146,0.157579771976072,0.0695
TRINITY_DN33634_c3_g2_i1,337,0.177593892577286,0.869
TRINITY_DN33665_c0_g1_i2,24,0.136810150056499,0.02
TRINITY_DN33668_c3_g1_i5,335,0.128368836993267,0.005
TRINITY_DN33704_c4_g1_i1,881,0.14915648054768,0.921
TRINITY_DN33711_c3_g3_i1,777,0.0849881216202272,0.7875
TRINITY_DN33727_c3_g1_i2,882,0.0368240002684784,0.611
TRINITY_DN33727_c4_g2_i4,225,0.149766327714588,0.9325
TRINITY_DN33727_c4_g2_i4,242,0.195016233498228,0.8795
TRINITY_DN33727_c4_g2_i4,378,0.0640811937026626,0.121
TRINITY_DN33727_c4_g2_i5,127,0.185546538820529,0.9
TRINITY_DN33731_c7_g1_i3,201,0.163469311240884,0.9355
TRINITY_DN33738_c9_g1_i2,341,0.171561692992339,0.1175
TRINITY_DN33738_c9_g1_i4,441,0.152267194426024,0.0355
TRINITY_DN33822_c3_g1_i1,541,0.132295469520183,0.708
TRINITY_DN33830_c1_g1_i1,884,0.0902706106039114,0.205
TRINITY_DN33830_c1_g1_i1,944,0.110115991740467,0.1305
TRINITY_DN33834_c7_g2_i2,549,0.164809717766463,0.0275
TRINITY_DN33835_c5_g1_i5,403,0.0846121158672263,0.4165
TRINITY_DN33836_c11_g1_i9,173,0.102617649442181,0.056
TRINITY_DN33903_c7_g1_i4,354,0.163989847199138,0.006
TRINITY_DN33912_c0_g1_i2,561,0.0499882896315816,0.3985
TRINITY_DN33921_c7_g1_i6,135,0.190683694212934,0.919
TRINITY_DN33927_c1_g3_i2,574,0.153673612444687,0.891
TRINITY_DN33936_c2_g1_i10,33,0.179998988047081,0.881
TRINITY_DN34009_c3_g1_i14,25,0.0859622804341921,0.12
TRINITY_DN34041_c14_g1_i1,328,0.146278600853959,0.7665
TRINITY_DN34077_c0_g1_i7,92,0.18901605476799,0.9005
TRINITY_DN34121_c2_g2_i2,134,0.10355084774513,0.0635
TRINITY_DN34130_c7_g1_i2,81,0.0558356323903204,0.197
TRINITY_DN34137_c2_g1_i6,226,0.0861176070102074,0.106
TRINITY_DN34174_c2_g1_i1,37,0.127306491339591,0.0535
TRINITY_DN34174_c2_g1_i1,67,0.166516300716748,0.0535
TRINITY_DN34180_c6_g1_i4,64,0.159913654476292,0.937
TRINITY_DN34225_c1_g1_i1,40,0.172332112003902,0.9155
TRINITY_DN34225_c1_g1_i1,49,0.147433187846068,0.871
TRINITY_DN34225_c1_g1_i1,58,0.127688365115382,0.741
TRINITY_DN34240_c7_g1_i4,467,0.124277169431609,0.666
TRINITY_DN34240_c7_g1_i4,472,0.134503166780982,0.7815
TRINITY_DN34240_c7_g1_i4,566,0.148322742096725,0.8245
TRINITY_DN34240_c7_g1_i4,741,0.0935762323929335,0.6675
TRINITY_DN34243_c3_g1_i6,970,0.146114745847581,0.0105
TRINITY_DN34277_c4_g1_i2,287,0.160517638914595,0.028
TRINITY_DN34323_c1_g1_i2,1032,0.0768475462164133,0.2405
TRINITY_DN34333_c9_g1_i1,250,0.0627847841048398,0.5545
TRINITY_DN34333_c9_g1_i1,276,0.0784892919391766,0.5355
TRINITY_DN34381_c6_g1_i1,72,0.14204739437585,0.017
TRINITY_DN34393_c4_g3_i3,57,0.239659054286048,0.0265
TRINITY_DN34396_c1_g1_i7,535,0.16894964651472,0.9175
TRINITY_DN34402_c3_g5_i1,625,0.0959898468504548,0.2585
TRINITY_DN34411_c7_g1_i3,972,0.0885930370854002,0.4535
TRINITY_DN34411_c8_g1_i1,445,0.0933432941067742,0.6405
TRINITY_DN34428_c0_g1_i2,476,0.156700086839306,0.0085
TRINITY_DN34448_c4_g2_i11,63,0.0994564288516032,0.0605
TRINITY_DN34503_c8_g1_i1,51,0.130163668931407,0.0395
TRINITY_DN34563_c7_g1_i4,190,0.0732521938624249,0.3325
TRINITY_DN34603_c3_g1_i5,1937,0.150024332229483,0.8455
TRINITY_DN34603_c3_g1_i5,1966,0.1183095516825,0.0425
TRINITY_DN34620_c2_g2_i3,1799,0.107362070554114,0.8675
TRINITY_DN34634_c2_g2_i13,678,0.146779803555611,0.9475
TRINITY_DN34656_c5_g1_i1,643,0.0665465660479028,0.7205
TRINITY_DN34660_c8_g1_i5,572,0.196576364953692,0.833
TRINITY_DN34683_c5_g1_i2,374,0.127508302036824,0.9235
TRINITY_DN34683_c5_g1_i2,393,0.0943771921133106,0.959
TRINITY_DN34685_c4_g2_i2,313,0.132301619277807,0.891
TRINITY_DN34722_c3_g2_i6,304,0.150431365720704,0.01
TRINITY_DN34743_c2_g1_i6,1341,0.190994230455429,0.9385
TRINITY_DN34764_c0_g1_i3,823,0.0706148550284612,0.1725
TRINITY_DN34845_c4_g1_i2,117,0.172227363228396,0.9025
TRINITY_DN34864_c1_g1_i1,74,0.0767017686813091,0.4785
TRINITY_DN34908_c3_g1_i6,1058,0.188354719592195,0.891
TRINITY_DN34916_c8_g1_i5,688,0.134410268148746,0.006
TRINITY_DN34959_c1_g2_i1,103,0.0734288073985626,0.3305
TRINITY_DN34959_c1_g2_i1,106,0.127614948998375,0.8585
TRINITY_DN34959_c1_g3_i1,242,0.140484192342936,0.852
TRINITY_DN34976_c1_g1_i1,620,0.0914568143863167,0.1505
TRINITY_DN34979_c4_g1_i2,23,0.109852131679604,0.8395
TRINITY_DN34982_c3_g1_i2,295,0.149627365396405,0.0155
TRINITY_DN34988_c5_g1_i1,87,0.0696864120067427,0.2045
TRINITY_DN34988_c5_g1_i1,91,0.0794463646364741,0.1885
TRINITY_DN35002_c2_g1_i1,235,0.140259546106161,0.0125
TRINITY_DN35006_c1_g1_i2,323,0.173315176264359,0.0085
TRINITY_DN35020_c2_g1_i2,23,0.214180932388512,0.0445
TRINITY_DN35020_c2_g1_i2,88,0.0999694565895338,0.2275
TRINITY_DN35020_c2_g1_i4,92,0.0744564443979211,0.1575
TRINITY_DN36113_c1_g1_i5,185,0.214671612837404,0
TRINITY_DN36120_c3_g1_i1,227,0.2444074273974,0.8615
TRINITY_DN36157_c1_g1_i3,558,0.0833958817609114,0.2445
TRINITY_DN36184_c4_g2_i1,89,0.126214867568948,0.5665
TRINITY_DN39803_c10_g2_i1,243,0.0512915229615209,0.2835
TRINITY_DN39822_c7_g1_i2,523,0.0863257038861724,0.119
TRINITY_DN39823_c3_g1_i2,328,0.0847296342644841,0.682
TRINITY_DN39830_c9_g1_i4,620,0.0651755141925936,0.076
TRINITY_DN39863_c0_g1_i15,365,0.121355281703994,0.761
TRINITY_DN39874_c3_g1_i9,145,0.115871214976333,0.945
TRINITY_DN39879_c1_g1_i1,532,0.0680786733528349,0.578
TRINITY_DN39891_c3_g2_i5,812,0.0706991952110022,0.6885
TRINITY_DN41529_c6_g2_i4,472,0.183748881758429,0.939
TRINITY_DN41531_c1_g2_i3,81,0.115667963561026,0.6145
TRINITY_DN41564_c6_g1_i1,873,0.132834648855472,0
TRINITY_DN41571_c7_g1_i1,189,0.092575874174081,0.135
TRINITY_DN43319_c4_g1_i2,551,0.101783057213882,0.946
TRINITY_DN43321_c1_g1_i4,1239,0.120299579078986,0.6
TRINITY_DN43327_c7_g1_i6,797,0.0923763747639747,0.5915
TRINITY_DN46011_c1_g1_i8,1485,0.11251607505353,0.604
TRINITY_DN46011_c1_g1_i8,1486,0.110979225100106,0.611
TRINITY_DN46011_c1_g1_i8,1511,0.106593055220167,0.6905
TRINITY_DN46021_c4_g1_i1,265,0.069237441401626,0.187
TRINITY_DN46041_c8_g1_i6,317,0.165702424050154,0.943
TRINITY_DN46047_c5_g1_i4,409,0.191983094625136,0.8
TRINITY_DN46050_c2_g1_i6,628,0.0991782401497073,0.0655
TRINITY_DN46074_c5_g1_i1,486,0.0675920866810522,0.3305
TRINITY_DN46088_c7_g1_i15,231,0.155436805399302,0.0655
TRINITY_DN46090_c1_g1_i1,99,0.0604895360761412,0.952
TRINITY_DN46120_c1_g1_i6,688,0.073276622020906,0.1115
TRINITY_DN46120_c1_g1_i6,690,0.122935511953024,0.039
TRINITY_DN46137_c1_g1_i1,2767,0.123810407214606,0.0045
TRINITY_DN46140_c5_g2_i15,252,0.23698014125513,0.0075
TRINITY_DN46148_c6_g2_i9,197,0.136291041118023,0.111
TRINITY_DN46157_c12_g1_i9,590,0.0951021430418268,0.5485
TRINITY_DN46222_c4_g1_i9,156,0.157722064273422,0.9275
TRINITY_DN46225_c0_g3_i3,1503,0.113311353896215,0.0715
TRINITY_DN46246_c5_g1_i13,210,0.0793400736005271,0.432
TRINITY_DN46284_c0_g1_i1,210,0.0899080186086552,0.0925
TRINITY_DN46294_c3_g1_i3,491,0.155888837862519,0.018
TRINITY_DN46318_c1_g2_i5,252,0.0654560196926873,0.1725
TRINITY_DN46338_c1_g1_i3,298,0.186278073788511,0.8975
TRINITY_DN46342_c0_g1_i10,435,0.111399443104384,0.0885
TRINITY_DN46342_c0_g1_i14,150,0.11628299932244,0.0255
TRINITY_DN46358_c7_g2_i2,50,0.144510974429019,0.8025
TRINITY_DN46358_c7_g3_i1,359,0.192602940961459,0.0115
TRINITY_DN46360_c6_g2_i2,484,0.134941313911212,0.846
TRINITY_DN46376_c10_g1_i7,1030,0.102161954191611,0.0715
TRINITY_DN46392_c7_g1_i6,523,0.16909614410558,0.9085
TRINITY_DN46401_c4_g1_i3,1072,0.107979331613428,0.842
TRINITY_DN46401_c4_g1_i3,1921,0.0818136905150796,0.748
TRINITY_DN46453_c5_g1_i7,312,0.114891545908255,0.0755
TRINITY_DN46453_c5_g1_i7,322,0.121951436351108,0.0715
TRINITY_DN46453_c5_g1_i7,327,0.189796021085463,0.037
TRINITY_DN46468_c0_g1_i6,1142,0.130420057270176,0.5485
TRINITY_DN46503_c3_g2_i9,69,0.0793606445859642,0.1205
TRINITY_DN46503_c3_g2_i9,74,0.0694612902004663,0.243
TRINITY_DN46524_c0_g1_i2,458,0.0968877776402191,0.0735
TRINITY_DN46532_c2_g2_i5,62,0.0497120214336218,0.519
TRINITY_DN46555_c3_g2_i1,140,0.0904423647405367,0.1815
TRINITY_DN46571_c4_g2_i6,97,0.0856641472696632,0.554
TRINITY_DN46571_c4_g2_i6,109,0.107017431836408,0.55
TRINITY_DN46571_c4_g2_i6,124,0.120821523557156,0.6055
TRINITY_DN46600_c1_g1_i8,1310,0.0561230780492396,0.3145
TRINITY_DN46606_c2_g1_i4,237,0.145198025425041,0.96
TRINITY_DN46609_c8_g1_i5,44,0.0605970665154876,0.3305
TRINITY_DN46614_c2_g1_i9,365,0.141548435674297,0.8175
TRINITY_DN46625_c1_g4_i1,104,0.164721675963337,0.7225
TRINITY_DN46635_c3_g1_i17,502,0.0915073504190733,0.176
TRINITY_DN46635_c3_g1_i17,656,0.0903766349117017,0.7095
TRINITY_DN46643_c2_g1_i8,252,0.138186970253846,0.006
TRINITY_DN46647_c0_g1_i3,352,0.178220297286291,0.0165
TRINITY_DN46653_c0_g1_i4,485,0.116745753282087,0.955
TRINITY_DN46653_c0_g1_i4,518,0.0617915525584413,0.3755
TRINITY_DN46653_c0_g1_i4,2313,0.0554278156311348,0.35
TRINITY_DN46675_c6_g1_i3,260,0.109389845506301,0.017
TRINITY_DN46683_c8_g1_i2,450,0.0680096667520044,0.6105
TRINITY_DN46687_c5_g1_i3,493,0.148572313269786,0.878
TRINITY_DN46695_c1_g1_i10,67,0.054702543182541,0.293
TRINITY_DN46695_c1_g1_i10,81,0.111470686680402,0.7545
TRINITY_DN46702_c5_g1_i2,510,0.137523204060668,0.0055
TRINITY_DN46709_c7_g1_i6,1047,0.0830207279461139,0.5405
TRINITY_DN46711_c0_g1_i1,3851,0.116186331878983,0.9545
TRINITY_DN46716_c1_g1_i4,545,0.168815087022981,0.009
TRINITY_DN46720_c8_g1_i7,276,0.0798677894177028,0.775
TRINITY_DN46721_c2_g1_i2,635,0.0842793930951023,0.7595
TRINITY_DN46726_c1_g1_i2,302,0.0905269165671926,0.6355
TRINITY_DN46730_c9_g1_i1,427,0.154335390764982,0.0315
TRINITY_DN46733_c5_g2_i1,101,0.0844711506595171,0.2635
TRINITY_DN46733_c5_g2_i1,777,0.0826360444366024,0.596
TRINITY_DN46735_c1_g1_i4,134,0.117878437369824,0.6845
TRINITY_DN46735_c1_g1_i4,135,0.120664648210853,0.799
TRINITY_DN46735_c2_g1_i13,34,0.14769025940061,0.2975
TRINITY_DN46735_c2_g1_i13,51,0.218103188930074,0.0675
TRINITY_DN46735_c2_g1_i13,150,0.0853701538081251,0.3115
TRINITY_DN46735_c2_g1_i15,511,0.170516728086978,0.00849999999999995
TRINITY_DN46773_c6_g1_i6,186,0.0799617134579928,0.5415
TRINITY_DN46773_c6_g1_i6,187,0.0947913907797172,0.5855
TRINITY_DN46778_c2_g1_i2,259,0.107618394493793,0.292
TRINITY_DN46778_c2_g1_i2,263,0.104197101329337,0.34
TRINITY_DN46790_c0_g1_i7,2106,0.0882810407643244,0.0965
TRINITY_DN46793_c2_g1_i1,540,0.148378621752889,0.0355
TRINITY_DN46797_c2_g2_i1,115,0.20909786017861,0.8985
TRINITY_DN46818_c4_g1_i4,23,0.0501649244197081,0.3395
TRINITY_DN46819_c1_g1_i1,454,0.152027425398332,0.008
TRINITY_DN46855_c2_g1_i7,1401,0.0604293119625626,0.5915
TRINITY_DN46870_c1_g4_i1,101,0.068889581891125,0.3805
TRINITY_DN46872_c2_g2_i1,242,0.079966804183727,0.606
TRINITY_DN46879_c4_g1_i5,30,0.0650804278125441,0.399
TRINITY_DN46879_c4_g1_i5,38,0.062040146097608,0.5495
TRINITY_DN46882_c4_g1_i2,395,0.139496580417414,0.962
TRINITY_DN46902_c4_g1_i2,1978,0.0294160979027974,0.263
TRINITY_DN46910_c6_g1_i2,66,0.114480530568272,0.0385
TRINITY_DN46914_c0_g1_i2,450,0.167579299475846,0.951
TRINITY_DN46926_c0_g2_i1,1573,0.165107521904049,0.85
TRINITY_DN46926_c0_g2_i1,1914,0.0907549802411645,0.7385
TRINITY_DN46972_c1_g1_i2,184,0.0657500542749162,0.6095
TRINITY_DN46972_c2_g3_i3,445,0.183129450526845,0.005
TRINITY_DN46989_c0_g1_i4,637,0.141003373637719,0.8715
TRINITY_DN46989_c0_g1_i4,653,0.12436422054224,0.866
TRINITY_DN46989_c0_g1_i4,656,0.123550771789719,0.854
TRINITY_DN46995_c1_g1_i4,198,0.160929771720944,0.9075
TRINITY_DN46995_c1_g3_i1,14,0.104886626437169,0.2685
TRINITY_DN46996_c11_g1_i15,175,0.0706535779589777,0.5045
TRINITY_DN47008_c2_g1_i6,636,0.142543996259893,0.0095
TRINITY_DN47019_c5_g2_i3,917,0.0853277383724192,0.0775
TRINITY_DN47019_c5_g2_i3,991,0.103129392080699,0.739
TRINITY_DN47024_c0_g2_i1,281,0.0621638451780264,0.7295
TRINITY_DN47024_c0_g2_i1,284,0.0676165310771842,0.729
TRINITY_DN47034_c2_g1_i3,289,0.0675409531241848,0.46
TRINITY_DN47046_c5_g1_i7,33,0.105383862391731,0.554
TRINITY_DN47046_c5_g1_i7,34,0.107521436882108,0.552
TRINITY_DN47049_c3_g1_i3,291,0.150601138173025,0.0165
TRINITY_DN47049_c3_g1_i3,318,0.0800317679537343,0.313
TRINITY_DN47063_c2_g1_i2,212,0.217165272452228,0.9285
TRINITY_DN47063_c2_g1_i2,524,0.070415187543466,0.242
TRINITY_DN47064_c1_g1_i3,680,0.153695024784539,0.8645
TRINITY_DN47065_c6_g1_i7,79,0.101421977523439,0.2955
TRINITY_DN47075_c6_g1_i3,301,0.0736743687917685,0.228
TRINITY_DN47087_c6_g1_i1,49,0.0778147193892036,0.5535
TRINITY_DN47087_c6_g1_i1,67,0.0938389808081068,0.4275
TRINITY_DN47087_c6_g1_i1,96,0.12289180595027,0.3425
TRINITY_DN47087_c6_g1_i1,271,0.0928745240965616,0.335
TRINITY_DN47087_c6_g1_i1,290,0.0914925448930409,0.356
TRINITY_DN47091_c6_g4_i7,441,0.179810390161119,0.9025
TRINITY_DN47098_c2_g1_i1,660,0.0643456786613796,0.6445
TRINITY_DN47098_c2_g1_i1,714,0.0780401618962493,0.9585
TRINITY_DN47108_c6_g1_i5,552,0.10765142678692,0.7545
TRINITY_DN47111_c1_g1_i4,2079,0.126685401997943,0.944
TRINITY_DN47128_c3_g1_i1,1203,0.154249287510322,0.881
TRINITY_DN47131_c0_g1_i3,610,0.12843390291433,0.6885
TRINITY_DN47131_c0_g1_i3,630,0.218008993977937,0.834
TRINITY_DN47137_c3_g1_i5,38,0.099227098511043,0.1575
TRINITY_DN47147_c3_g1_i2,327,0.0645553363915307,0.187
TRINITY_DN47172_c4_g1_i2,40,0.165468335984135,0.9455
TRINITY_DN47180_c8_g1_i6,614,0.0818214296646272,0.1705
TRINITY_DN47201_c3_g1_i9,88,0.10688232226082,0.099
TRINITY_DN47221_c3_g2_i5,568,0.164072996192486,0.9235
TRINITY_DN47222_c1_g1_i6,1245,0.105894797682669,0.0545
TRINITY_DN47231_c8_g1_i1,57,0.0804804355687216,0.126
TRINITY_DN47231_c8_g1_i1,101,0.0840269904112544,0.1065
TRINITY_DN47249_c0_g1_i2,690,0.0687251971257808,0.259
TRINITY_DN47249_c0_g1_i2,691,0.0670099594738306,0.261
TRINITY_DN47249_c0_g1_i2,693,0.0564742292900876,0.3755
TRINITY_DN47249_c0_g1_i2,701,0.0589084631420721,0.22
TRINITY_DN47266_c5_g1_i3,24,0.117986474903719,0.0495
TRINITY_DN47266_c5_g1_i3,192,0.0831484303166303,0.273
TRINITY_DN47274_c3_g1_i6,471,0.0544726437881232,0.494
TRINITY_DN47280_c0_g1_i1,87,0.0828326312678933,0.514
TRINITY_DN47280_c0_g1_i1,88,0.0765620309474378,0.498
TRINITY_DN47280_c0_g1_i1,3659,0.149227469512832,0
TRINITY_DN47280_c0_g1_i1,4134,0.13549245917487,0
TRINITY_DN47280_c0_g1_i1,7849,0.0759050079358579,0.7075
TRINITY_DN47311_c8_g2_i1,238,0.163526464222355,0.941
TRINITY_DN47311_c8_g2_i1,431,0.1564577818381,0.032
TRINITY_DN47315_c7_g1_i3,151,0.1407976466746,0.0305
TRINITY_DN47332_c2_g1_i8,422,0.16003044616408,0.9115
TRINITY_DN47379_c6_g3_i2,134,0.107128297183486,0.0235
TRINITY_DN47391_c5_g1_i6,146,0.0530581449195647,0.484
TRINITY_DN47394_c1_g1_i1,113,0.127436689930171,0.871
TRINITY_DN47394_c1_g1_i1,222,0.118808126662276,0.0685
TRINITY_DN47394_c1_g1_i4,129,0.138680038668193,0.7755
TRINITY_DN47394_c1_g1_i4,148,0.11003312429727,0.8165
TRINITY_DN47423_c6_g2_i4,417,0.0697479479143281,0.4875
TRINITY_DN47427_c2_g1_i5,2945,0.259824873094314,0.9285
TRINITY_DN47436_c1_g1_i2,1368,0.0921235723194262,0.0425
TRINITY_DN47449_c5_g1_i6,96,0.0872765624242098,0.065
TRINITY_DN47449_c5_g2_i5,108,0.155129509799248,0.8395
TRINITY_DN47450_c11_g1_i1,1017,0.0812325727567909,0.338
TRINITY_DN47450_c11_g1_i1,2236,0.167833433068997,0.019
TRINITY_DN47453_c3_g1_i5,1849,0.134054633414348,0.0045
TRINITY_DN47454_c5_g1_i4,1201,0.077561180088892,0.4895
TRINITY_DN47454_c5_g1_i4,1213,0.0602568151761784,0.552
TRINITY_DN47466_c3_g1_i3,33,0.111213545561886,0.7795
TRINITY_DN47468_c1_g1_i2,523,0.126308534707008,0.035
TRINITY_DN47471_c2_g1_i9,1044,0.171204705830862,0
TRINITY_DN47490_c4_g1_i4,648,0.116772309292672,0.041
TRINITY_DN47502_c1_g1_i1,2391,0.16139559254974,0.015
TRINITY_DN47502_c1_g1_i1,5051,0.0932273647288956,0.8645
TRINITY_DN47504_c1_g1_i1,1072,0.157012954217835,0.9295
TRINITY_DN47509_c1_g1_i12,86,0.0712641943663007,0.694
TRINITY_DN47517_c1_g1_i4,380,0.122532293822847,0.8415
TRINITY_DN47517_c1_g1_i4,413,0.0778528665338129,0.4755
TRINITY_DN47517_c1_g1_i4,563,0.0919830791391304,0.3535
TRINITY_DN47517_c1_g1_i4,571,0.0692227032075741,0.257
TRINITY_DN47517_c1_g1_i4,575,0.0830758781400702,0.2045
TRINITY_DN47517_c1_g1_i4,581,0.0916736664251698,0.3295
TRINITY_DN47517_c1_g1_i4,584,0.0820033928395919,0.2955
TRINITY_DN47517_c1_g1_i4,734,0.0957582384201625,0.6235
TRINITY_DN47517_c1_g1_i4,743,0.115280635859568,0.658
TRINITY_DN47517_c1_g1_i4,998,0.0913505793216903,0.4815
TRINITY_DN47517_c1_g1_i4,1007,0.0996594135660944,0.429
TRINITY_DN47517_c1_g1_i4,1013,0.10650133967376,0.4715
TRINITY_DN47517_c1_g1_i4,1016,0.111128294071383,0.4085
TRINITY_DN47526_c2_g1_i1,706,0.135599591637328,0.007
TRINITY_DN47531_c2_g1_i3,4567,0.139381322029998,0.775
TRINITY_DN47532_c7_g1_i13,87,0.153966790917161,0.0115
TRINITY_DN47546_c1_g1_i1,2676,0.132998156027092,0.043
TRINITY_DN47547_c6_g1_i2,94,0.114897795974239,0.816
TRINITY_DN47548_c8_g1_i1,13,0.0577066031470729,0.635
TRINITY_DN47548_c8_g4_i3,179,0.198781534309622,0.89
TRINITY_DN47548_c8_g5_i1,375,0.134392292168816,0.9475
TRINITY_DN47551_c10_g1_i3,256,0.146437898679386,0.7315
TRINITY_DN47552_c4_g1_i2,749,0.0652489262794554,0.1625
TRINITY_DN47554_c0_g1_i3,61,0.11120565015879,0.0195
TRINITY_DN47554_c1_g1_i14,675,0.167524993233493,0.004
TRINITY_DN47555_c6_g1_i5,209,0.161997615693953,0.8845
TRINITY_DN47555_c6_g1_i5,227,0.162458507555165,0.823
TRINITY_DN47555_c6_g1_i5,240,0.131625885078024,0.848
TRINITY_DN47556_c1_g1_i4,102,0.0787717060684096,0.6645
TRINITY_DN47560_c5_g1_i2,295,0.160496247586186,0.826
TRINITY_DN47575_c3_g2_i1,20,0.196081682340347,0.0195
TRINITY_DN47575_c3_g2_i1,22,0.159748054685593,0.3385
TRINITY_DN47581_c5_g1_i6,540,0.193254013920674,0.011
TRINITY_DN47583_c1_g1_i3,5723,0.124545934445969,0.0045
TRINITY_DN47589_c4_g1_i1,130,0.100279277466085,0.127
TRINITY_DN47601_c4_g1_i3,2041,0.12835416704911,0
TRINITY_DN47602_c5_g1_i1,34,0.169046996175434,0.8755
TRINITY_DN47604_c2_g1_i1,1794,0.0820964906330863,0.82
TRINITY_DN47614_c0_g1_i6,262,0.11915021440151,0.0075
TRINITY_DN47617_c4_g1_i6,72,0.0819348033948869,0.0845
TRINITY_DN47623_c2_g2_i3,787,0.105337240019401,0.936
TRINITY_DN47629_c12_g1_i5,44,0.154679467520958,0.013
TRINITY_DN47630_c5_g1_i3,33,0.174131218954943,0
TRINITY_DN47631_c8_g2_i5,24,0.135465084014511,0.8245
TRINITY_DN47638_c4_g1_i12,384,0.14537398028853,0.144
TRINITY_DN47640_c6_g1_i2,4807,0.0539983490360197,0.322
TRINITY_DN47641_c2_g1_i8,1694,0.0994143138883993,0.0365
TRINITY_DN47643_c2_g1_i6,340,0.144276793395569,0.5645
TRINITY_DN47644_c1_g1_i1,352,0.0784411823392304,0.834
TRINITY_DN47644_c1_g1_i1,2284,0.113465612943948,0.964
TRINITY_DN47644_c1_g1_i1,2301,0.192914348339325,0.9355
TRINITY_DN47645_c2_g1_i2,2226,0.127755791012757,0.953
TRINITY_DN47649_c2_g1_i5,67,0.0954783186237797,0.0645
TRINITY_DN47652_c5_g1_i2,330,0.106385780512938,0.8215
TRINITY_DN47656_c4_g2_i7,166,0.186032285598604,0.8545
TRINITY_DN47658_c25_g1_i8,6,0.186732265553811,0.0095
TRINITY_DN47666_c1_g2_i3,533,0.198076945641263,0.8605
TRINITY_DN47677_c2_g2_i6,184,0.0604396820304587,0.477
TRINITY_DN47691_c3_g1_i1,2692,0.080986972424747,0.2805
TRINITY_DN47691_c3_g1_i1,2709,0.0726259750485626,0.281
TRINITY_DN47695_c7_g1_i2,3,0.216873707389578,0.0055
TRINITY_DN47696_c5_g1_i7,80,0.105508068945511,0.007
TRINITY_DN47696_c6_g1_i4,624,0.100569455134724,0.065
TRINITY_DN47698_c3_g1_i3,4472,0.0525142908396354,0.4715
TRINITY_DN47698_c3_g1_i3,4481,0.0552686679049561,0.37
TRINITY_DN47698_c3_g1_i3,5466,0.0824729386969608,0.6835
TRINITY_DN47703_c3_g1_i2,270,0.0679145850315576,0.621
TRINITY_DN47703_c5_g1_i3,592,0.0906434225171255,0.0095
TRINITY_DN47704_c3_g1_i1,721,0.089710205220588,0.747
TRINITY_DN47716_c5_g1_i12,12,0.0851041012646927,0.0305
TRINITY_DN47718_c11_g1_i3,2100,0.12611211031352,0.954
TRINITY_DN47718_c11_g1_i3,2106,0.192324297323679,0.9155
TRINITY_DN47718_c11_g1_i3,2109,0.17459995436304,0.917
TRINITY_DN47756_c0_g1_i1,305,0.141902316451747,0.9495
TRINITY_DN6518_c0_g1_i2,201,0.101903498437201,0.0495
TRINITY_DN9738_c0_g1_i1,96,0.140994338107196,0.6965
